"Dates_YYYYMMDD" "Red_av" "Red_sd" "Green_av" "Green_sd" "Blue_av" "Blue_sd" "Red_Index_av" "Red_Index_sd" "Green_Index_av" "Green_Index_sd" "Blue_Index_av" "Blue_Index_sd" "GEI_av" "GEI_sd" "BRI_av" "BRI_sd"
"2020-07-01" 143.836628499567 31.6847270692133 137.641923822097 32.9510766522156 142.694420073097 31.9434819964937 0.339775228561144 0.0145094441114589 0.323277279078965 0.00753362309435864 0.336947492359891 0.0145053011145651 -11.2472009284698 7.62604777217285 424.172972394762 95.375842115431
"2020-07-02" 138.044182311593 29.3366762066625 130.667565234999 31.2294183091619 133.917029835147 30.4905309990066 0.343836119330522 0.0150989253403609 0.323513005904226 0.00741454564218224 0.332650874765252 0.0145554811234211 -10.6260816767438 7.59180857492496 402.628777381739 89.8104561903562
"2020-07-03" 133.861239480215 35.7158720913084 126.253010053804 35.9581643224537 129.27391318726 34.6876180904276 0.344248423075956 0.0162712460284045 0.322748189371955 0.00816077786401219 0.333003387552089 0.0169339704515823 -10.6291325598671 7.47149806839678 389.38816272128 105.163809976504
"2020-07-04" 133.811656936911 35.1198743583428 126.542898589763 35.3287190084702 129.471898943925 33.9956951034117 0.343625572829715 0.0162494989212108 0.323157828383492 0.00801135868411778 0.333216598786794 0.0169925868209242 -10.1977587013099 7.40628676573361 389.826454470598 103.216387740581
"2020-07-05" NA NA NA NA NA NA NA NA NA NA NA NA NA NA NA NA
"2020-07-06" 134.684874002753 33.820487445856 127.180332572356 34.0734429926805 129.682399672109 32.8280865452966 0.344362107518557 0.015928028360827 0.323492022328436 0.0077399801248355 0.332145870153007 0.0166610341630492 -10.0066085301501 7.34036799143592 391.547606247218 99.4563667114469
"2020-07-07" 134.617806303493 33.9962792385323 127.178354244041 34.1666440389623 129.979234734777 32.8839817456631 0.343970969979801 0.0159533823134347 0.323290555515635 0.00772556437904008 0.332738474504564 0.0167186314988774 -10.2403325501863 7.29196326233401 391.775395282311 99.7877383881428
"2020-07-08" 135.887517904395 31.7035319956338 127.066469438885 32.3202186247562 129.426515954749 31.1042775770647 0.346969293258134 0.0156731124911801 0.322555055798634 0.00779204040035078 0.330475650943232 0.0161778676690411 -11.1810949813746 7.49068770358079 392.38050329803 93.8060742055984
"2020-07-09" 135.524153313539 30.2703908028112 126.918371105996 31.2447480801224 128.911478294783 30.3434371958481 0.347209604403625 0.0154499565623953 0.323148213940695 0.0074801523519857 0.32964218165568 0.0154854596536477 -10.5988893963302 7.31617790908857 391.354002714318 90.5494535866831
"2020-07-10" 136.116777949655 32.3148011625097 128.279618438003 32.9990916661289 131.025539662912 31.8260524417909 0.344759836552751 0.0154628104260435 0.323161801985608 0.00753659460620642 0.332078361461641 0.0159755693830553 -10.5830807365609 7.3128607168728 395.421936050571 95.8731735866617
"2020-07-11" 135.66959076644 33.388658218526 127.451437035001 33.8177291373573 130.476199555238 32.5650980345949 0.345167963759663 0.015912344424447 0.322434153691708 0.00784249347024675 0.332397882548629 0.0165682958794496 -11.2429162516764 7.39923412937087 393.597227356678 98.485584202587
"2020-07-12" 133.527999121338 30.2097819204021 125.187296003512 31.2782559150691 127.757071970635 30.3027227006831 0.346294955029564 0.0158650433298888 0.322737110079494 0.00761192972406991 0.330967934890941 0.0159916514997493 -10.9104790849503 7.39552761519331 386.472367095485 90.4270020219467
"2020-07-13" 137.227415520721 29.6449611562932 128.390735153139 30.9080878222548 131.008550740221 30.0807979166903 0.346868009918363 0.0151093506434233 0.322547153220585 0.00744577339151361 0.330584836861051 0.0151011907801984 -11.4544959546643 7.34804408207285 396.62670141408 89.3288697692367
"2020-07-14" 130.854888812157 34.8828070832888 122.103958975217 35.7999025115847 124.395512830106 34.7533892825719 0.348093789971665 0.0170827605480868 0.321868778057807 0.00864471655096935 0.330037431970528 0.016841063850164 -11.0424836918277 7.67104600297642 377.35436061748 104.170231596403
"2020-07-15" 124.224731501039 33.9075782774838 114.319548680834 36.0753174542781 116.244576166726 35.5315004988636 0.352555470983376 0.0192531134872171 0.320272323996566 0.00956884286307838 0.327172205020058 0.0173887377980415 -11.8302103060961 8.07032346017875 354.788856348599 104.202662829357
"2020-07-16" 131.114574644402 31.6887852038312 121.201613377015 32.9213456852292 124.160320940619 32.3368634156629 0.349694106385329 0.0171665500341073 0.320458721901967 0.00844440993886526 0.329847171712705 0.0162593806416668 -12.8716688309901 7.76283052917145 376.476508962036 95.558659809024
"2020-07-17" 131.162985838877 31.8391144081014 121.603484265101 33.0307478437754 124.172192988922 32.3029774183595 0.349207876835796 0.016947676142506 0.321224448541854 0.0084344182950886 0.32956767462235 0.016286625698064 -12.1282102975977 8.0117817451103 376.9386630929 95.7572441145365
"2020-07-18" 132.412679849918 29.8949980102608 122.81660975503 31.7155793564835 125.359569588771 31.0569619928014 0.349129578016167 0.0166962893702379 0.321356572620216 0.00850757049524338 0.329513849363617 0.0159082722543814 -12.13902992863 8.33216750528674 380.588859193719 91.2299407573138
"2020-07-19" 132.993900820226 29.1122707436744 123.463475264176 30.7735873687552 125.576435995793 30.1928906837884 0.349335722076934 0.0164909688608528 0.321985388693907 0.00844215858311849 0.328678889229159 0.0155186501033481 -11.6433862876671 8.45797045861523 382.033812080195 88.6195030259124
"2020-07-20" 120.92736986024 35.1743612201271 111.818257615268 37.9274594085077 112.622225615428 37.3102331552407 0.353502666882365 0.020147192664152 0.32139265357443 0.0111713528838981 0.325104679543205 0.0169971381517906 -9.9130802451311 9.54556099617954 345.367853090936 109.162390483447
"2020-07-21" 126.368360178149 32.4475432269209 117.094905812672 34.1824748145346 118.156333939122 33.6944404685011 0.351433875341854 0.0179229828056337 0.322227494876655 0.010288759697861 0.326338629781491 0.0156722679311933 -10.334882491926 9.62329682541466 361.619599929944 99.0034851793004
"2020-07-22" 130.881265429926 31.0610460616279 121.430332988039 32.6150889426376 122.416128218473 31.8202253257358 0.350489842247489 0.0165996167504677 0.322727040232743 0.0107062967657821 0.326783117519768 0.0148552413620304 -10.4367276723205 10.6448669084968 374.727726636438 94.1405115086992
"2020-07-23" 125.28954079394 30.305470488886 115.590756417639 32.3532082675465 115.785067212265 31.7998054963118 0.353157522187738 0.0177582852602711 0.322769595098733 0.0124584336125438 0.324072882713529 0.0152318802592273 -9.89309517092613 12.0586656954074 356.665364423844 93.0712466958479
"2020-07-24" 128.568186810578 29.1957508599363 120.589169339509 30.9241108182627 121.460668387041 30.6021088032611 0.348301413324426 0.0170413714199306 0.324342522482309 0.0120256903588012 0.327356064193265 0.014563632629055 -8.85051651860034 12.1982240353816 370.618024537128 89.2440067357164
"2020-07-25" 128.750768136208 31.8490590144354 122.58922467155 33.080931203613 122.615748672077 32.4147895677761 0.345263669371432 0.0168125066621786 0.326834420750562 0.0123173810415906 0.327901909878006 0.0148724551308741 -6.18806746518469 12.6683132903154 373.955741479836 95.9041785598685
"2020-07-26" 125.108789074444 34.5403758435038 119.072636467381 34.807874456178 119.066044379807 33.8899638663238 0.345099353179217 0.0175545389692872 0.326756821943404 0.0129807616873229 0.328143824877379 0.0162688524635816 -6.02956051948935 12.6990840052433 363.247469921632 101.803989452127
"2020-07-27" 119.24071035995 34.2299006822508 112.727625625441 36.3519798280083 111.946237762982 35.4826257049163 0.349242529146779 0.0204112988438453 0.325922094648201 0.0156818235465043 0.324835376205019 0.0167180827162661 -5.73169687204923 14.7838214813753 343.914573748374 104.542988988898
"2020-07-28" 122.111336796251 36.9299536434099 115.188655610604 38.5110245775696 114.205272681657 37.7450676165873 0.349615859053108 0.0212899077428791 0.325975541937766 0.0166715716312308 0.324408599009126 0.0166782209067192 -5.93929825669892 16.0927186853982 351.505265088512 111.613478046684
"2020-07-29" 125.304510004754 38.3420931735237 120.045560347304 37.8887447659855 119.674038806698 36.9026586646048 0.343514221954309 0.0193060475085414 0.327982979165154 0.0156186840925221 0.328502798880536 0.0166117820011593 -4.8874281168428 15.4090389988897 365.024109158755 111.618127117267
"2020-07-30" 124.869709993595 38.143633058218 119.662111056857 37.397221280244 119.623926128861 36.6157338054297 0.342914870300173 0.0193905304169847 0.327894061654401 0.0157918474947512 0.329191068045426 0.0167121333362706 -5.16941400874265 15.4883392048327 364.155747179313 110.621272318195
"2020-07-31" 124.754662486557 36.6998965553375 119.930590434448 36.0291573255376 119.073493836897 35.3060658109824 0.343080240553772 0.0192626964803099 0.329086422072467 0.0157327630697967 0.327833337373762 0.0162276983584654 -3.96697545455872 15.5321539855431 363.758746757903 106.454438561508
"2020-08-01" 124.458200845887 36.0973982280284 120.096883263434 35.3392980290207 119.064550229947 34.6229931048279 0.342271748877413 0.0191782100615545 0.329822417369375 0.0152970305408031 0.327905833753212 0.016161665778614 -3.32898454896628 15.0837264033716 363.619634339268 104.479925770834
"2020-08-02" 124.857437272956 33.1775629696467 120.113315771184 32.8805014230718 119.711073123833 32.3740249429314 0.34266147415326 0.0186364691890816 0.328840007444332 0.0146258516877693 0.328498518402407 0.0154817428349622 -4.34187885442167 14.7022251672625 364.681826167973 96.8092247650797
"2020-08-03" 112.909012832045 32.7609847307285 108.736555468662 35.2944828423267 105.664569545355 34.8152310944681 0.347938674306169 0.0246035827804104 0.330659181067008 0.0191072295974689 0.321402144626823 0.0166799237412691 -1.10047144007595 17.6999087889665 327.310137846063 101.016633166112
"2020-08-04" 121.037624217661 34.7646234722843 117.346176463579 34.4908039714826 114.567753945895 34.0168287741627 0.34359720316981 0.0220977193061605 0.332039696070508 0.0178046765017366 0.324363100759682 0.0169079515917464 -0.913025236398989 17.40198048232 352.951554627135 101.320153533139
"2020-08-05" 121.567377383181 35.4595605960167 117.126139179575 35.3288356017117 113.012489337728 35.8003539371236 0.348589963966556 0.0229165602844958 0.332836239225227 0.017213697749013 0.318573796808217 0.0183528143324682 -0.327588361759591 16.6065064728624 351.706005900483 104.732853015769
"2020-08-06" 121.538632895831 35.6440059681817 117.693119031137 34.9417246756174 115.130577751494 34.3025337982851 0.343214931832852 0.0212400554618394 0.331748754616806 0.016183058912282 0.325036313550342 0.0170463795425239 -1.28297258505199 15.7281057859981 354.362329678463 103.08899115348
"2020-08-07" 122.19031510997 31.6839949289919 118.612451104119 31.7297575082369 116.740090945923 31.5880045918676 0.342221792527651 0.0203809755528484 0.331325900678348 0.0148488231952288 0.326452306794002 0.015956698492669 -1.70550384765528 14.7916281267884 357.542857160012 93.095575060874
"2020-08-08" 124.732106458478 34.5558158465692 118.773735228701 34.0057840182641 117.440692550238 33.3856240247414 0.345964671895997 0.0198741348767091 0.328407216768232 0.0127245938756059 0.325628111335771 0.0168327547744576 -4.62532855131479 12.4371286479661 360.946534237416 100.310049881436
"2020-08-09" 124.880779865862 34.8163079115941 120.322911141545 34.4010032369282 120.211722467044 33.6892809692301 0.342013702081478 0.018983785838396 0.328515570366258 0.0110805630889217 0.329470727552265 0.0167436852521126 -4.44668004981546 11.0022093347222 365.415413474451 101.372997575034
"2020-08-10" 120.821217971847 35.2430802384377 116.9381655664 36.2557388528089 115.886277044112 36.0554871939245 0.343100933671868 0.0218031510579186 0.329575741441198 0.0143881422185697 0.327323324886934 0.0170106428915457 -2.83116388316016 14.0285261641338 353.645660582359 105.862847432856
"2020-08-11" 121.852431293586 32.5008542692059 118.486726129674 32.7021412831182 115.691319677496 32.7360497309539 0.343014252901187 0.0215198716908286 0.332463148911093 0.0175539587028447 0.32452259818772 0.0165328737182546 -0.570298711733366 17.4825326485916 356.030477100756 95.8593254626945
"2020-08-12" 125.672462998199 36.3826217959737 121.486705807389 35.7512311348073 120.009125676155 35.2461643321668 0.342452845719556 0.0200317237993107 0.330492103143578 0.0141949199894411 0.327055051136866 0.0163432900383808 -2.70817705957589 14.124352181993 367.168294481742 105.747469883966
"2020-08-13" 124.916102723242 30.5370706945052 119.804805601635 31.2160921818121 119.044469825747 30.9078689292747 0.344229958714886 0.0189703190554156 0.328670650574187 0.012036265950467 0.327099390710928 0.0154175552216324 -4.35096134571958 12.1563561567223 363.765378150624 91.0056254480442
"2020-08-14" 130.289997167812 30.4035199411836 124.868896594114 30.9365519067319 125.729382810339 30.7969044254577 0.342727991347385 0.0179745753553146 0.327172184811147 0.0105250522771464 0.330099823841468 0.0144672813834517 -6.28158678992317 11.0956889239564 380.888276572266 90.5640369540851
"2020-08-15" 129.657037090203 35.2573352661725 123.396437309352 35.1186120891327 124.411604523889 34.220164219474 0.343907759567111 0.0178739748591792 0.325907252076137 0.00991937431998908 0.330184988356752 0.0158667350877965 -7.27576699538887 9.88859105848442 377.465078923444 103.23378520938
"2020-08-16" 132.224112918378 30.7591530718448 125.172963203546 31.3072891108279 126.439563416339 30.9616362754807 0.345243532838925 0.0164579986642236 0.325293513017357 0.00903854872044058 0.329462954143718 0.014408459024057 -8.31774992762495 9.39146429992746 383.836639538263 91.6597008592322
"2020-08-17" 122.188091574805 36.0074797590341 116.441260327185 36.9675381778983 115.478826580145 36.6770020125503 0.346906374496175 0.0210854356869494 0.327544890368908 0.013293998659073 0.325548735134917 0.0168867372606652 -4.78439750058057 12.7379505852776 354.108178482136 108.148424180147
"2020-08-18" 124.273305504734 32.3755864058692 120.714800923814 32.713377429149 118.114823407652 32.6385415749017 0.342910920288252 0.020009298949565 0.332115655019879 0.0152763539550809 0.324973424691869 0.0158310487157138 -0.958527064758078 15.6451109656301 363.102929836201 95.8732955194167
"2020-08-19" 128.6860424418 34.0097066431619 122.745619762277 33.6885874396084 121.313777798346 33.1491547218761 0.345476607317659 0.0183880906647236 0.328760123115443 0.0122157981864094 0.325763269566898 0.0158081077103063 -4.50858071559202 12.5555283567599 372.745440002424 99.2966313761093
"2020-08-20" 127.176662921824 30.1456542960027 121.549939661287 30.5565649696589 122.533604561947 30.081583430798 0.343094243655026 0.0175236585649271 0.326707065647587 0.0103573454551548 0.330198690697387 0.015011197284485 -6.6103881611971 10.6947329514366 371.260207145057 89.2777750742377
"2020-08-21" 131.146882136471 31.5290765596732 124.763222879864 31.9683087478712 126.629883375945 31.3784131109138 0.343236139685039 0.0170848995878304 0.32530287023983 0.00953473081599247 0.331460990075131 0.0149598843839331 -8.25031975268887 9.99927681335576 382.53998839228 93.4667071874889
"2020-08-22" 132.210426782777 31.7271749887592 125.390203309687 32.3683388493203 127.461444282667 31.7783673344698 0.343955258583069 0.016272210065885 0.324713869247239 0.00906297506129753 0.331330872169692 0.014415955751545 -8.891464446069 9.39474284474008 385.062074375131 94.5685237954254
"2020-08-23" 131.68396416479 32.3255249592454 124.818705167421 32.754014465971 127.138990900604 32.0207937401719 0.343765207674147 0.0161687332936572 0.324404432984409 0.00880901525157859 0.331830359341444 0.0146780444471567 -9.18554473055143 9.00787536291514 383.641660232816 95.8210045601827
"2020-08-24" 124.339660492202 31.0990562022448 118.500590270022 33.7348801408169 119.895708293543 33.5236267638363 0.344872502723492 0.0186822637323149 0.325237329320737 0.0113732095268317 0.329890167955771 0.0148028097729763 -7.23418824570087 10.9455917837045 362.735959055768 97.0586662334841
"2020-08-25" 127.995466005712 30.0528893610666 124.628557854868 31.263604792659 122.051022515799 30.8447681831069 0.342497637655953 0.0186399635898937 0.332084667605231 0.0140768039045988 0.325417694738816 0.0143021268837829 -0.789372811774817 15.2421877443348 374.675046376379 90.3993065486512
"2020-08-26" 127.52737956875 30.0844132417398 123.322709073365 30.9209032514823 122.00504417603 30.5180317989838 0.342603155988856 0.0178470561491207 0.330175965841397 0.0123925539875626 0.327220878169746 0.0143394987194913 -2.88700559805068 13.0897076627246 372.855132818145 89.9261505697983
"2020-08-27" 128.931587565865 29.8754554860006 124.098713931869 30.8696195433943 123.804031738237 30.3300683073102 0.342838667174366 0.0171054053230873 0.328582803815559 0.0103130341583043 0.328578529010074 0.0144040600980985 -4.53819144036416 10.8975217015483 376.834333235971 89.6076666349043
"2020-08-28" 131.361968957894 30.7570975530448 124.748460725428 31.8560958262277 124.415934833451 31.3158254963754 0.346378354876346 0.0167624816068041 0.326948296764914 0.00936252309715102 0.32667334835874 0.014504281002935 -6.28098234048807 9.79283193137669 380.526364516772 92.5733315047881
"2020-08-29" 130.91421773888 30.1507801712563 124.899261829926 31.7700390978799 125.444010301921 31.2677525409936 0.344460629230867 0.0161907729376199 0.326631550560307 0.00902278593580305 0.328907820208827 0.0139460251589282 -6.559704380949 9.36358847051762 381.257489870726 91.947675445921
"2020-08-30" 131.776498089613 27.0527135944983 124.327975224178 29.5076539235129 125.084125994845 29.3400894507342 0.34712843601903 0.0159025972880166 0.325196856207506 0.00885204580903798 0.327674707773464 0.0129899374018283 -8.20467363610214 9.25809732095315 381.188599308636 84.6828052392509
"2020-08-31" 123.407941986156 31.8989804692852 116.784145134743 34.9526650663695 116.02981468662 34.7525638516743 0.349667339924954 0.019547523627757 0.326197552576685 0.0109461818600756 0.324135107498361 0.0155156955716187 -5.86946640328985 10.1114885777642 356.221901807519 100.421669979105
"2020-09-01" 118.822608939921 38.4494901515762 115.741450506829 40.3083972345035 113.583119856961 39.5422725631256 0.343291749250457 0.0215660192601228 0.331033081977711 0.015290426322513 0.325675168771832 0.0170923883204406 -0.922827783224764 14.846699467114 348.14717930371 116.854505721853
"2020-09-02" 120.401855138314 39.3990587572428 117.223027708328 39.569185828822 115.8597967365 38.8986511145856 0.341919177640421 0.0213184667233599 0.330648543189936 0.015279370440185 0.327432279169643 0.0186319494261303 -1.81559645815816 14.6476007059968 353.484679583142 116.348908406593
"2020-09-03" 122.077752833712 38.8735560757063 119.248011602917 38.9515708225116 118.093457203206 38.481635343258 0.340144215321699 0.0202521274794572 0.331089978683848 0.0145230204478442 0.328765805994453 0.0175303940705405 -1.67518683108506 14.2390961196413 359.419221639835 114.779339438366
"2020-09-04" 125.500711972801 35.8082998469772 120.278906788512 35.9198265904377 120.856713799589 35.695068230801 0.342976017619014 0.0185678906394587 0.327237156846034 0.0120141126032465 0.329786825534952 0.0166925522281282 -5.79961219536663 11.9469006265301 366.636332560902 105.966050008006
"2020-09-05" 126.587396543401 37.6833780535009 121.087800310266 37.9510272363556 123.229244341675 37.4391245152668 0.341905277948375 0.019280597277434 0.325173174415057 0.0107337383945093 0.332921547636568 0.0187179499290629 -7.64104026454442 10.3129348161914 370.904441195342 111.571289558356
"2020-09-06" 127.82165300732 36.2090456383109 121.881251943319 36.5607713358395 124.319963440208 36.0923143566412 0.342367436692258 0.0187727538961604 0.324615971282791 0.00983294432442804 0.333016592024952 0.0184531813823124 -8.37911256089064 9.50593601286383 374.022868390846 107.342610951902
"2020-09-07" 123.88426744719 38.3044078732147 117.762310778737 39.8531802677195 118.712931042605 39.5813951244055 0.345693200766332 0.0214038097209363 0.325084964733031 0.0122043014329277 0.329221834500637 0.0192986438182911 -7.07257693232143 11.2816149992955 360.359509268533 116.173958924802
"2020-09-08" 125.973485698746 30.6267019541499 122.288666242855 32.1500192003997 118.91522470813 32.7867549736883 0.344511274136605 0.0203846976137941 0.332594135227862 0.0137140246219162 0.322894590635533 0.0163414610880239 -0.311377921166904 14.5229328516875 367.177376649731 93.6724148049627
"2020-09-09" 124.671539858376 33.3400575323722 120.604563008969 34.8921709702139 118.58127103703 35.0722628755716 0.344027016642187 0.0200178028593749 0.330699077946635 0.0140594592508217 0.325273905411178 0.0161392225688256 -2.04368487746678 14.5883773989562 363.857373904375 101.607878429622
"2020-09-10" 125.727464201832 37.5110871333316 120.658953574108 38.0780232866946 119.42981024343 37.6212140419755 0.344724681303071 0.0197530729253641 0.328920701838367 0.0132585025242964 0.326354616858562 0.0174213131219143 -3.83936729704549 13.2819346293944 365.81622801937 111.639121160163
"2020-09-11" 130.612851915015 27.7415717674075 123.671578978776 29.6015159972481 120.741794692447 30.2914327008421 0.349772593575007 0.0174984859069029 0.329200156366565 0.0102103165484885 0.321027250058427 0.0140704844716344 -4.01148864991113 10.8489171629797 375.026225586238 86.1315712767356
"2020-09-12" 131.991027249044 28.4159837717731 124.738983935603 30.1779675039208 123.83321403228 30.7043352542117 0.348219525597554 0.0168045251723452 0.327090426886164 0.00898658409604613 0.324690047516282 0.0141908331596755 -6.34627341011832 9.50370837337638 380.563225216927 87.8770545887314
"2020-09-13" 132.345277941434 29.2315084208494 124.728772910837 31.2216445308181 124.356937067609 31.553622712501 0.348486595883048 0.0167300515294833 0.326132518026364 0.00851826760217154 0.325380886090588 0.0145041928355262 -7.24466918736907 8.85737018515583 381.430987919879 90.6445201102408
"2020-09-14" 127.814031965477 34.4066866867835 120.3921083854 36.4198066181438 120.834575394479 36.5255915273642 0.348644117579339 0.0186754195115056 0.324807533869715 0.00980635557813142 0.326548348550945 0.0161822707837535 -7.86439058915599 9.14671526386639 369.040715745356 106.082858565701
"2020-09-15" 125.568219834292 36.7881802940976 120.120774835172 38.0864228590204 118.843532257102 37.6644355626256 0.346016808226193 0.0195146985722022 0.328323340299642 0.0135170033781827 0.325659851474165 0.017436460639764 -4.17020242104931 13.5598758443837 364.532526926567 111.001782123218
"2020-09-16" 126.476334836998 36.5329372074918 120.698133231796 37.3614647663907 119.871333005221 36.711417415813 0.345679610649025 0.0176688884381113 0.327786374645108 0.012691697551326 0.326534014705866 0.0155970508911621 -4.9514013786269 12.7810893869063 367.045801074014 109.303508802385
"2020-09-17" 127.836153235206 35.3009045722841 120.552834432307 36.0343277532158 120.593570915632 35.2370735772971 0.347502391595527 0.0167204091723567 0.325559313516896 0.0112188231633549 0.326938294887578 0.0148628403286949 -7.32405528622369 11.1598256247368 368.982558583145 105.39858184935
"2020-09-18" 129.839777622466 34.756481432788 121.58981327884 35.6342971342682 122.782857717951 34.9115190741846 0.348117905566311 0.016148754688696 0.323646013697656 0.00990800525806562 0.328236080736033 0.0142903032791901 -9.44300878273759 9.67153554300109 374.212448619258 104.229670823875
"2020-09-19" 130.643927322334 35.0276950685725 122.27127198294 35.9145804240082 123.856886723765 35.0460251792519 0.347810753970699 0.01576426125519 0.323154030263644 0.00918623783444433 0.329035215765657 0.0146821327369609 -9.95827008021945 8.73994837508603 376.772086029038 104.946805506271
"2020-09-20" 132.147733363115 29.438867491707 122.764655000566 31.2521563668143 125.414869206694 30.9173119991384 0.348782574101895 0.0151884624892728 0.321596965704067 0.00861770343441302 0.329620460194038 0.0133073959825697 -12.0332925686759 8.34100049410851 380.327257570375 90.5213805654197
"2020-09-21" 131.537584358269 34.6810188707693 123.312372881794 36.1873854164373 124.940695413833 35.4188998578852 0.347876590857539 0.0167810417906462 0.323200731140207 0.00935060123585125 0.328922678002254 0.0150276254644077 -9.85353400851356 8.79392100209116 379.790652653897 105.209763300989
"2020-09-22" 131.180674217689 34.9568600276696 123.131135090176 35.9637946104953 125.470247527286 34.919940620481 0.346388889910049 0.0163211583377728 0.322736796602345 0.0110924172132675 0.330874313487606 0.0156243279345478 -10.388651564622 10.941500029749 379.782056835151 104.640445227658
"2020-09-23" 132.24884181447 38.5132162094178 123.471976214797 39.0653540249636 125.443241565282 37.6562566729806 0.347731735688529 0.0163133154236026 0.322178091761521 0.0104877052808516 0.33009017254995 0.0160109686359395 -10.7481309501574 9.78035699548087 381.164059594548 114.182662909242
"2020-09-24" 132.368876087081 37.8220596008654 123.380949510759 38.3320009604896 126.374682164072 36.9186139253013 0.347167514608734 0.0158791272190399 0.321155637693326 0.00966841694081056 0.33167684769794 0.0157919822504113 -11.9816592296339 8.78476912736195 382.124507761912 112.061678385417
"2020-09-25" 133.436143591358 37.5822981946645 124.018828459033 38.1963965499307 127.10800153969 36.7140060315213 0.34780238271759 0.0158591950894232 0.320704734815329 0.00935485315742973 0.331492882467081 0.0157366818869029 -12.506488212982 8.31757018451067 384.562973590081 111.492664975747
"2020-09-26" 133.9938795742 37.3249171039575 123.782486328182 38.049049913497 126.73995834301 36.5613833068958 0.349362317369639 0.0159098394208216 0.320101896437926 0.00938579586196387 0.330535786192435 0.0157700284847983 -13.1688652608449 8.22748585114386 384.516324245392 110.93812091747
"2020-09-27" 133.050603276285 38.5936022598735 123.911071849071 39.3009299195227 127.157851829107 37.738320670503 0.347221168115922 0.0157156762659024 0.320664315793592 0.00933476215873761 0.332114516090487 0.0158927390147996 -12.3863114072499 8.00409957453336 384.119526954463 114.696456211813
"2020-09-28" 131.494451277043 39.4496590910251 121.573944991637 40.2248154986703 125.073510926092 38.9245076904362 0.349231102844025 0.0164767314106693 0.319244193816894 0.00988558106171001 0.331524703339082 0.0162180478706587 -13.4200722198605 7.95534722201993 378.141907194773 117.676173850082
"2020-09-29" 129.372025810411 39.6366836601385 119.756632916893 40.3918485935741 123.501196982621 39.052837004599 0.348408124520842 0.0162999327520467 0.319220195708661 0.0111556722723636 0.332371679770497 0.0165855012078879 -13.3599569592466 9.85057995994938 372.629855709925 118.107630257499
"2020-09-30" 129.230365762343 39.5651329062538 119.867367896368 40.2115386795342 123.384755874849 38.7389228714548 0.347994702121315 0.0159253776303618 0.319667233327822 0.011042452013546 0.332338064550863 0.0165017150193601 -12.8803858444566 9.75304421233995 372.482489533561 117.560503297316
"2020-10-01" 129.26822521046 38.8718158759151 120.432394268229 39.480115012502 123.860362250283 38.0433128313007 0.346921172978263 0.0155581702288634 0.320405675837077 0.0105575233356658 0.33267315118466 0.0163768237987503 -12.263798924286 9.38325630618101 373.560981728972 115.449211704715
"2020-10-02" 130.04805444599 38.709730394388 120.656781860771 39.2762571158322 124.604175592307 37.8965535109368 0.347368636822156 0.0153251271137054 0.319466543062652 0.0100561642488764 0.333164820115192 0.0162531065730075 -13.3386663167539 8.61030265942765 375.309011899068 114.97558434813
