"Dates_YYYYMMDD" "Red_av" "Red_sd" "Green_av" "Green_sd" "Blue_av" "Blue_sd" "Red_Index_av" "Red_Index_sd" "Green_Index_av" "Green_Index_sd" "Blue_Index_av" "Blue_Index_sd" "GEI_av" "GEI_sd" "BRI_av" "BRI_sd"
"2020-07-01" 143.95738339439 32.8803794550035 131.538291237122 33.1034427718293 138.301937548715 32.2735134962632 0.348660601009576 0.0113800291824114 0.316540406813119 0.00776371627084153 0.334798992177306 0.0107478205953087 -19.1827384688606 6.85416926170414 413.797612180226 97.6815996120893
"2020-07-02" 139.765533226142 28.9507610509032 126.430487249702 30.0407069990497 133.263184623114 29.5029502461824 0.351069693278258 0.0118733875830235 0.315323489815567 0.00799795709635437 0.333606816906175 0.0101017538425466 -20.1677433498526 7.31746049207698 399.459205098958 87.8638912351147
"2020-07-03" 143.445808463992 38.5725330274145 132.866440883726 38.0327335958457 138.86302468849 36.8560054044037 0.345689003101575 0.012340816524049 0.318502761490136 0.00793682211308411 0.335808235408289 0.012983754017597 -16.5759513850291 6.7012381166279 415.175274036208 112.912390329689
"2020-07-04" 143.405475614462 38.3837074679998 132.599444993634 37.7302598505262 138.598588641828 36.5616146824964 0.346062451767 0.0123789630462974 0.3183314959026 0.007879609965123 0.3356060523304 0.0130892054570649 -16.805174269022 6.73310324869098 414.603509249925 112.118147794958
"2020-07-05" 143.694091676248 38.027812317073 132.495704082644 37.3252651441941 138.785383244094 36.1562297670672 0.346360925270656 0.012309867229881 0.3177518032549 0.00797194105275972 0.335887271474444 0.0131562708261301 -17.4880667550533 6.76641368830912 414.975179002985 110.947561174354
"2020-07-06" 143.928646667366 36.7030368388679 132.513703489446 36.1096612921891 138.443251660971 35.0114028973571 0.347073615858174 0.0119888033029843 0.317990760265449 0.00766131776498342 0.334935623876377 0.0126840812160079 -17.3444913494445 6.68839604634855 414.885601817784 107.242727446746
"2020-07-07" 144.340191211818 37.0756780284794 132.751365280083 36.3659613930207 138.906466742638 35.141532420252 0.347100126791095 0.012142542218982 0.317669703488005 0.0077322194661064 0.335230169720901 0.0129547744650614 -17.7439273942909 6.6746037462132 415.998023234538 107.999242512402
"2020-07-08" 144.503859777395 33.9618683581515 132.972968262116 33.909389572733 140.731967012553 32.5066956214279 0.346213332349438 0.0112604444298661 0.316469476465374 0.0077105378260328 0.337317191185188 0.0120757717855696 -19.2898902657155 6.70008771274389 418.208795052065 99.7734427407997
"2020-07-09" 144.315740055682 32.1387946675793 132.058492853494 32.2062408310536 138.82233774468 31.3354657595727 0.348247359447467 0.0109481441213899 0.3168740792775 0.00716779664427871 0.334878561275033 0.0109128923552457 -19.0210920933738 6.42118109965128 415.196570653857 95.0880518417074
"2020-07-10" 142.213894454402 34.7171065185875 130.615894608328 34.4644639720456 136.660320529972 33.400851559113 0.34763820783364 0.0115466234728423 0.317672422762185 0.0074471153684567 0.334689369404176 0.0118630527057692 -17.6424257677171 6.5651420341116 409.490109592701 101.999267582145
"2020-07-11" 143.103323376521 35.2470258279191 131.42932731072 34.7600530329195 137.862647723069 33.5088223159554 0.347155719661161 0.0117443353096224 0.317401013182111 0.00747630097472774 0.335443267156728 0.0124168573201685 -18.1073164781492 6.55683961189913 412.39529841031 102.923822007154
"2020-07-12" 142.512562019819 31.6847393563759 129.90675780514 31.6664866576138 136.697234960682 30.5875000729447 0.348975411161247 0.0113054785204818 0.316238466967462 0.00735731848380258 0.334786121871292 0.0114773284642203 -19.396281370221 6.47789702490133 409.116554785641 93.3131183570064
"2020-07-13" 142.90810634028 30.3966946404571 130.366288908622 30.8042159370229 136.784712947208 30.0968290246469 0.349184934093412 0.0108168447897544 0.316858884737227 0.00709403744207432 0.333956181169361 0.0105028068074193 -18.9602414702441 6.56797636610455 410.059108196109 90.6804150214126
"2020-07-14" 137.667953818809 37.1029512379125 125.822658666729 37.0565403722564 131.503436025969 35.9015253999928 0.349488539243149 0.0129074539789752 0.316816908442245 0.00856506675273471 0.333694552314606 0.0126696593502796 -17.5260725113203 7.01160216052793 394.994048511506 109.480600353974
"2020-07-15" 133.782883301271 32.8909530213656 121.712633909626 33.6810331860918 127.11338536276 32.5841290082593 0.350857646891947 0.0126522382585915 0.316515371330982 0.00892320847863525 0.33262698177707 0.0118412790537327 -17.4710008447801 7.70085840963953 382.608902573657 98.5165000105502
"2020-07-16" 141.300067469867 32.2115930786684 129.238430106699 32.3841234689278 135.404742921109 31.4232070118631 0.348805080957903 0.0110670073032201 0.317131214815414 0.00823487813082519 0.334063704226683 0.0106843390719368 -18.2279501775781 7.86157180751248 405.943240497676 95.3835170053767
"2020-07-17" 139.754436547648 33.51354342137 128.41947384213 33.4253487336936 133.906280551579 32.3397472435785 0.348151278407777 0.0114086624795423 0.318228441500282 0.00850433801451399 0.333620280091942 0.0110883334720467 -16.8217694149671 8.31914382291693 402.080190941358 98.6236564443633
"2020-07-18" 138.148740880132 30.556299518288 126.07752944841 31.0150585381636 131.710962228854 30.0016946921302 0.349432018303887 0.0119438492346401 0.317296440737143 0.00879247553848504 0.33327154095897 0.0109206139880927 -17.7046442121672 8.85478266851509 395.937232557397 90.8401474559197
"2020-07-19" 140.114763712066 29.4284470199258 128.165424833268 29.7248089950759 133.512204431338 28.76151213777 0.349334207961253 0.0116948359827818 0.318016460251082 0.00844636395113941 0.332649331787664 0.0104220296102253 -17.2961184768691 8.77400799175038 401.792392976672 87.1554946440639
"2020-07-20" 140.114202461516 31.3308892787517 128.722630595125 31.589903672793 134.138362918183 30.4848052152981 0.348078419568647 0.012061330347579 0.318378556772219 0.00878168095962976 0.333543023659134 0.0109169002128856 -16.8073041894486 9.10688865811574 402.975195974824 92.6495420414658
"2020-07-21" 140.533494423616 32.2643992962695 129.808586879298 32.3167952202295 135.224052916924 31.2820573432738 0.347009030124113 0.0116407842454417 0.319027560141338 0.00874344551094633 0.333963409734549 0.0105816154276662 -16.1403735819439 8.90632905488516 405.566134219838 95.1396874258702
"2020-07-22" 140.666931197435 31.5782802667956 129.943032932992 31.9109709451138 135.192719226244 30.8564952255624 0.347226612963223 0.0115942241550136 0.319123141862876 0.0089724388999808 0.333650245173901 0.0106103224315876 -15.9735845576957 9.13163891159928 405.80268335667 93.6153354534272
"2020-07-23" 132.908373714814 27.9907889455499 122.455539998541 29.1359173587672 128.265473144016 28.3373763199269 0.347420601974564 0.0125595572286096 0.318132172249466 0.0100469359383678 0.33444722577597 0.0112189897514052 -16.262766861749 10.1753638968312 383.629386857371 84.5747387965178
"2020-07-24" 140.551783213889 27.8300965444863 129.580372186078 28.6893145574595 135.633583893344 28.0772917897808 0.347180766554667 0.0118596115694254 0.318445891718775 0.00893688037104687 0.334373341726558 0.0104039371906376 -17.0246227350763 9.42996857473455 405.765739293311 83.7174652236516
"2020-07-25" 138.572554702869 31.6075563907996 128.085470544693 31.9175412895751 134.107326733859 31.0798141757747 0.346191818562384 0.0123489461927886 0.318558858389075 0.00908014798661677 0.335249323048541 0.0115345480229737 -16.5089403473437 9.23625167646637 400.765351981421 93.7687361475422
"2020-07-26" 141.111596648906 36.2883787213707 131.471213854974 35.5374606325789 137.415339429521 34.2998630733722 0.344201498218139 0.0123503604911586 0.31950037889373 0.00881993565377905 0.336298122888131 0.0125550587668637 -15.584508368478 8.63164989722798 409.998149933401 105.399304268398
"2020-07-27" 141.548020185053 31.6573678045189 130.496880857327 32.0232332669186 137.167931492219 31.0307872101539 0.346431792875381 0.0119507686028358 0.31773600917361 0.00912441679001947 0.335832197951009 0.0114691189546751 -17.7221899626184 9.10466537104399 409.212832534598 93.8928087606581
"2020-07-28" 141.906256727474 34.0080560492428 131.580635794135 34.2160471182294 138.563773999723 33.0902621919128 0.34489206229075 0.0118521881132822 0.318106158301445 0.00909315356223385 0.337001779407805 0.0114830859813676 -17.3087591389269 8.97769180621988 412.050666521332 100.571096383109
"2020-07-29" 142.703522618651 37.9777709569627 133.744310395152 37.0182586704317 139.798410174318 35.5634175117537 0.342587019598527 0.0124685238932303 0.320068687018354 0.00844005387269054 0.337344293383119 0.0132755647889593 -15.0133120026661 8.08220915911596 416.246243188121 109.874686786069
"2020-07-30" 142.916225958528 37.7580146860257 133.548380541669 36.7614520587017 139.203460812114 35.2236428638086 0.343579398338222 0.0124600148142961 0.320027247320948 0.00827886412842467 0.33639335434083 0.0133054615456546 -15.022925687305 7.88380627293964 415.66806731231 109.057897073252
"2020-07-31" 143.720313349159 36.202370891573 134.000973157993 35.4397323189652 139.887921378092 34.0053207412531 0.3441237578268 0.0119109444144133 0.319714058451435 0.0080467652574231 0.336162183721764 0.0124957965718371 -15.6062884112652 7.81651785159374 417.609207885244 104.964965279537
"2020-08-01" 143.258754927733 35.727960159694 133.75768270684 34.9502514726557 140.022979234819 33.5503658292148 0.343430559700853 0.0119211719913951 0.319699451514739 0.00783324009527074 0.336869988784409 0.0126000133531721 -15.7663687488723 7.65190108033366 417.039416869391 103.531237815761
"2020-08-02" 144.301566119562 32.4169482966343 134.219439254067 32.0446307799457 141.045320392019 30.8545505408243 0.344121895082475 0.011506707717201 0.318942610708546 0.00761375929608787 0.33693549420898 0.011675915292782 -16.9080080034474 7.75273330759754 419.566325765648 94.574727550919
"2020-08-03" 134.697978908088 31.6064435866909 123.551265618176 33.080234054848 129.269608373452 32.3104311405188 0.349258187746899 0.0146054068254104 0.317244501574779 0.0102335870245475 0.333497310678322 0.011929012416049 -16.8650560451876 9.60755069417038 387.518852899716 96.1223495463668
"2020-08-04" 137.303842977997 36.4710281745444 128.075719678584 35.7130678211252 132.089538885115 34.5500632645801 0.345518104216419 0.014251083351939 0.321204448407531 0.0104932521608671 0.333277447376051 0.0130884891148517 -13.2419425059438 10.8304143423182 397.469101541696 105.820990201292
"2020-08-05" 138.713991702132 35.501449082379 128.773573997944 35.2216134001018 133.632009301475 33.7818116369416 0.34579399283287 0.0137672725520874 0.319995303571981 0.0113530306590387 0.33421070359515 0.0128764582984105 -14.7988530077185 11.7045819101802 401.119575001552 103.551676042315
"2020-08-06" 138.468643438179 37.3275237402973 129.494251719783 35.6605608424057 134.191762813194 34.3137270328031 0.343734879061965 0.0139524294161024 0.321126538379609 0.0108869065602465 0.335138582558426 0.0134835517759656 -13.6719028118072 11.3625523336293 402.154657971155 106.405656533879
"2020-08-07" 136.297727897311 33.2357018376258 127.885134003107 32.0662027152185 131.781691188403 31.1443762461785 0.343899454490457 0.013646177372976 0.322389616869832 0.0115883830864053 0.333710928639711 0.0120879945984348 -12.3091510794997 12.4820143048363 395.96455308882 95.4190836392545
"2020-08-08" 140.975579837891 36.5387723198589 132.777205177373 35.0146654692024 136.613572325265 33.5585540549953 0.343194465284213 0.0140543917311058 0.322912118954488 0.011717411373853 0.333893415761298 0.0129386502148177 -12.0347418084103 12.7084893819958 410.366357340529 104.136756817276
"2020-08-09" 136.131947744524 38.0755058963373 129.508467767846 36.0998011562827 132.790902994413 34.6877983417151 0.340776690190123 0.0148274828134816 0.324394124847713 0.0121429287649444 0.334829184962164 0.0136493095694768 -9.9059152032464 12.8058544106933 398.431318506783 107.909647830971
"2020-08-10" 137.542062252706 36.6925769021784 131.486393576767 35.0421150879779 134.422562126914 33.7486547433698 0.340190845573086 0.0145908517140118 0.325376599793339 0.0123228827661533 0.334432554633575 0.0131570727999122 -8.99183722608631 13.2857587503626 403.451017956387 104.445146122561
"2020-08-11" 134.900261402625 33.6492312411405 129.163840462171 32.5075349178564 131.3596599987 31.7225622048271 0.340887679038381 0.0152884011907226 0.326264237967987 0.0132384173647915 0.332848082993632 0.0132412296320385 -7.9322404769831 14.136694112951 395.423761863497 96.5820452340616
"2020-08-12" 135.008836973415 38.4119739522059 129.85426957924 36.7514700545077 132.12418498869 35.6451732865122 0.339328974293206 0.0158269373008352 0.326541271323485 0.0129159503174124 0.334129754383309 0.0145147700806402 -7.42448280362439 13.568436268404 396.987291541344 109.683794527087
"2020-08-13" 135.369524539827 32.2200692520132 129.100948544288 31.3834773404952 131.827892936194 30.9520833278938 0.341643551417908 0.015444494173926 0.325343777980326 0.0132616710286615 0.333012670601766 0.0135948988846029 -8.9955203874444 14.2558937129835 396.298366020309 93.1101085768884
"2020-08-14" 133.119674926658 31.6522098566734 126.103866702268 30.7395873679662 130.101328777015 31.0805951138975 0.34193651474033 0.0173307749200313 0.323511704125454 0.0131064353794273 0.334551781134216 0.015444942201197 -11.0132702991364 14.1905154267161 389.324870405941 91.6386773242224
"2020-08-15" 134.208004817824 38.1475077065281 128.167264326501 36.4773026621327 131.95803708247 35.588587298334 0.339647926765932 0.0161906158694709 0.324385638476141 0.0120583373519901 0.335966434757927 0.0156534043777251 -9.83151324729186 12.4875189072887 394.333306226795 109.009610092001
"2020-08-16" 136.986024734232 32.3727546601638 130.109045926704 31.4902411085912 135.158572385166 30.9371726733222 0.340423675368734 0.0147260085001818 0.322950093710477 0.0110367439837908 0.336626230920789 0.0132672942071527 -11.9265052659896 12.05454753537 402.253643046102 93.5246665599808
"2020-08-17" 138.377953372277 35.4217726646585 132.10025723681 34.315741897572 136.645762367751 33.2497394228834 0.339408859642858 0.0145978542635569 0.323816438833827 0.0107435304938793 0.336774701523315 0.0142048945501492 -10.8232012664078 11.6348684036273 407.123972976839 101.823618591055
"2020-08-18" 137.890877473124 32.6105563238306 130.822289597297 31.8640980707206 136.059206941355 31.002025156348 0.340417422852358 0.0142231431282943 0.322584033211698 0.0103933336411246 0.336998543935944 0.0135093113376003 -12.3055052198842 11.3017726288343 404.772374011776 94.2585423321647
"2020-08-19" 137.125638894445 35.4079415194191 130.961085251998 34.1695361741666 135.349903868599 32.9781678331391 0.339200969268027 0.0145283292586005 0.323930498077216 0.00986922481865504 0.336868532654757 0.0143075579596231 -10.553372259048 10.6156785446595 403.436628015043 101.44580857161
"2020-08-20" 136.272459823936 31.1771021351054 129.555063498275 30.242311917496 133.139395568371 29.1491166079044 0.34130453383892 0.014019217775279 0.324264677611453 0.0102419830744512 0.334430788549628 0.013089176779418 -10.3017283957564 11.2116229424873 398.966918890583 89.4043548651202
"2020-08-21" 135.167670833813 31.9722379732012 128.027076935616 31.177769687201 132.526435545312 30.0088560833209 0.341150655540509 0.0148760795945483 0.322867246847536 0.0100270974992447 0.335982097611955 0.0137260483166611 -11.6399525078933 10.8616165311119 395.72118331474 91.946517891342
"2020-08-22" 136.508255029927 32.2824078743835 128.851051509804 31.6841226726286 133.902911187727 30.5989902908763 0.341707795521767 0.0138703987918443 0.321965503801741 0.00922089657159997 0.336326700676493 0.0131114619378182 -12.7090631980463 9.89145282677074 399.262217727458 93.4805136734801
"2020-08-23" 137.110086790536 33.3309804139718 129.520139174526 32.4994084250621 134.672862900576 31.0888841496423 0.341340907228154 0.0133701628501228 0.321873947478849 0.00899128267945105 0.336785145292997 0.0128200444833194 -12.7426713420604 9.49002173464908 401.303088865639 95.9889622593115
"2020-08-24" 127.768401466948 30.6015737874982 120.652379842102 31.8011161699708 123.22209139889 30.3837266628023 0.344979519960615 0.0157842756745664 0.323561207968174 0.0116550215194515 0.331459272071211 0.0121958577274804 -9.68573318163353 11.8763711406521 371.642872707939 91.7133307725761
"2020-08-25" 128.102605113769 33.1872696557742 123.870146507813 33.4399149765153 124.803256814239 32.1905947027057 0.340353702498814 0.0174105065642077 0.327909188005837 0.0151271451462056 0.331737109495349 0.0131990262476349 -5.16556891238283 16.4366435601191 376.776008435821 97.3348027422957
"2020-08-26" 129.693200926971 32.6944151283131 125.495849795412 31.7562957799689 126.496830804015 30.4468846133443 0.339286945449432 0.0169175649463412 0.328400164203138 0.0147629356675841 0.33231289034743 0.01320023336471 -5.19833214016161 16.3006024510422 381.685881526398 93.3798519199703
"2020-08-27" 130.028383676467 32.0690034240941 126.504144396044 30.6232137930136 127.209304797167 29.5476193237215 0.33829531605673 0.0169436585121982 0.329482703929486 0.0148890880058088 0.332221980013785 0.012421613451165 -4.22939968154658 16.3598877181016 383.741832869678 90.7215425310114
"2020-08-28" 129.002995665737 33.1543525220168 126.325790560971 31.4812574056322 126.598948499272 30.3572313289864 0.337085779957577 0.0171258403222387 0.330601292032042 0.0149178703061638 0.332312928010381 0.0125955165801231 -2.95036304306709 16.0716906983885 381.92773472598 93.5685306745494
"2020-08-29" 127.179220170314 32.253288932902 124.224057091815 30.8264782558116 125.236107505982 30.1516371818504 0.337194241314233 0.0174877452422897 0.329850067566478 0.0158160175798538 0.332955691119289 0.0122370575737285 -3.96721349266653 16.8360340722139 376.63938476811 91.719855911012
"2020-08-30" 120.559641402284 27.2534225422966 119.659107497269 26.3276671224362 118.765711884244 26.3516456863658 0.33568956465651 0.0183468183137195 0.333574254253218 0.0178716686727803 0.330736181090272 0.0116133541580544 -0.00713829199041861 18.6155552598346 358.984460783798 78.010140461345
"2020-08-31" 128.217467253426 27.8663063911981 126.406894305921 27.1838646266274 128.854197153959 28.7194247938185 0.334556364933461 0.0206026019768863 0.329694320931544 0.016249580420216 0.335749314134995 0.016966184842543 -4.25787579554361 18.0669310778424 383.478558713306 80.8354999106355
"2020-09-01" 125.342735853201 37.8102545985455 123.483656073577 37.2471007221357 125.999768429693 37.6128850879996 0.33405734451926 0.0227395423821456 0.328903740041553 0.0165812476600985 0.337038915439186 0.0236435186201658 -4.37519213573986 17.2833390215922 374.82616035647 109.937788165468
"2020-09-02" 128.03539676711 39.7877331179969 125.363598872126 38.4694451009466 128.066458182296 37.9417869828488 0.334792987023504 0.0197858627030496 0.32809159509467 0.0143194074666868 0.337115417881826 0.0197420543105277 -5.37465720515378 14.9442922939142 381.465453821532 114.34308017122
"2020-09-03" 129.656926116774 39.7780150034386 126.138024978917 38.3890421116162 129.23174066086 37.6537679777599 0.335934014604811 0.0181558510881252 0.326960123298051 0.0131392058156298 0.337105862097138 0.0178676429249184 -6.61261681980046 13.7192329000802 385.026691756551 114.30482794107
"2020-09-04" 131.784267912914 36.7321656474915 127.567474949747 35.6055677246025 131.158313360413 35.331630582498 0.337024091327206 0.0170493180237681 0.326113530219598 0.0119900206692219 0.336862378453196 0.0166567746524495 -7.80763137383317 12.8689092834034 390.510056223074 106.108458998991
"2020-09-05" 132.200089633092 39.2579883209806 127.576267360739 38.3690822965592 131.170202451351 37.2072288160278 0.337629862195228 0.0164079664999328 0.325361664665311 0.0114109268556072 0.337008473139461 0.0157451586656914 -8.21775736296465 11.8208570593587 390.946559445182 113.644759980472
"2020-09-06" 133.167961170247 37.9298503030189 128.601898558864 37.1596728874304 132.770090119558 36.054496139137 0.337012141587191 0.016177420853538 0.324905788260821 0.010594156316898 0.338082070151989 0.0159437797792108 -8.73425417207738 11.0888549755568 394.539949848669 109.878754469327
"2020-09-07" 135.854616004426 37.699415435184 131.028416031872 37.2855252477043 134.90720306633 35.8004292470017 0.337728100212026 0.0150265721676398 0.325086550822573 0.0101725130161994 0.337185348965401 0.014692020861935 -8.70498700701345 10.7271370040495 401.790235102628 109.715622713357
"2020-09-08" 136.74863335854 28.0446069254911 131.038261604472 27.9634924317662 132.554330169613 27.6233712869299 0.341848168007997 0.0141622582098114 0.326939195669776 0.00942428727931069 0.331212636322227 0.0120953616837037 -7.22644031920853 10.9248291271727 400.341225132625 82.2992599872509
"2020-09-09" 133.412076116974 31.1763570281748 129.025358287322 31.5209571683895 132.314859743633 30.5474290767188 0.338067359510034 0.0143045648432299 0.326061661658672 0.00987664648284784 0.335870978831294 0.0127238447161949 -7.67621928596296 10.9806648061976 394.752294147928 92.0842311745085
"2020-09-10" 136.828418654792 36.6395984514418 132.376805776452 36.3729384970544 135.982267559319 34.7252669184661 0.337455762641151 0.0134388202535644 0.325727494788855 0.00914512027217677 0.336816742569995 0.0125548167587139 -8.0570746612076 9.79756088215563 405.187491990563 106.908956829634
"2020-09-11" 137.373608218436 26.5665461885311 129.977346951222 26.9423275086681 132.468797046936 26.5157193672765 0.343990042715706 0.0122035045120277 0.324604198526003 0.00816589267902053 0.331405758758292 0.00966676975035357 -9.88771136292762 9.27554898915281 399.819752216595 79.0866316313096
"2020-09-12" 137.244252218955 27.3624016086216 131.394046623729 27.7477743531314 133.591829266566 27.1690602004769 0.341548892425505 0.0121710077087318 0.326164831433597 0.0080161448227448 0.332286276140898 0.00983717832947528 -8.04798823806172 9.17730188389137 402.23012810925 81.3554676958069
"2020-09-13" 137.204033997407 28.3615634041719 131.617930366813 28.9882267419062 135.283511894627 28.3002356041415 0.339843537442575 0.0118928756799338 0.325108790209012 0.00796619153035059 0.335047672348413 0.0100183069689964 -9.25168515840807 8.93705603991815 404.105476258848 84.7844834363872
"2020-09-14" 131.004567693678 34.4694101233349 125.583773315404 35.9199626874186 127.482270372832 34.7182250906096 0.342314748317032 0.0152097153287265 0.325845035353871 0.0108011975963936 0.331840216329097 0.0121109216357353 -7.31929143570142 10.8437619228847 384.070611381914 104.216919014821
"2020-09-15" 128.29127174619 38.327454024102 125.916529182669 39.0437839859866 125.493043361143 37.1870584611763 0.338119362629041 0.0162999536862103 0.330547078482384 0.0140737907139737 0.331333558888574 0.0135801511613255 -1.95125674199501 15.0126583641777 379.700844290002 113.452299708052
"2020-09-16" 131.409716985961 37.6621767701015 128.335015345447 37.4763912637181 128.044047050294 35.8320187968052 0.33870481912609 0.0153566559051965 0.330242872501655 0.0138708399140183 0.331052308372255 0.0128502255185314 -2.78373334536186 15.1158227351764 387.788779381702 109.857378815719
"2020-09-17" 130.899687672781 36.3072082438858 128.351220002955 36.0001018618656 127.805068535372 34.3723709137619 0.3379201171732 0.0155149602991964 0.331083696716866 0.0143887230753269 0.330996186109934 0.0128926408771492 -2.00231620224334 15.7140106368737 387.055976211109 105.469462097094
"2020-09-18" 130.327569382149 35.5246633458471 128.314800841368 35.4292452290594 127.613198354875 33.8767784060296 0.337152704966755 0.0154353537535113 0.331752302605754 0.0147121323447607 0.331094992427492 0.012689380904843 -1.31116605428883 16.083032706587 386.255568578392 103.605235581934
"2020-09-19" 129.306174019255 36.2357284614514 128.197674549466 36.1403492578027 127.361818326537 34.1647275485934 0.335606123521171 0.0156707161098362 0.332543974443564 0.0145378528577581 0.331849902035265 0.0132368798118522 -0.272643246859844 15.9051755693234 384.865666895257 105.337742684102
"2020-09-20" 127.77021563856 30.4059869957115 126.168625204797 31.0500061755166 125.933738219093 29.635876524172 0.336486036621025 0.015264185181501 0.331602135804512 0.0149147562327376 0.331911827574463 0.0121583866493115 -1.36670344806055 16.3546964139355 379.87257906245 89.6879937761495
"2020-09-21" 134.123745354526 35.0776993957431 131.472202260395 35.0597731199976 131.847841654012 33.3897160354511 0.337334125753193 0.0146532534283435 0.330266035922493 0.0134498655338619 0.332399838324314 0.0123588080397728 -3.02718248774851 15.0139919392986 397.443789268933 102.377076150339
"2020-09-22" 133.070262823903 35.9248049069784 130.691729096412 36.2868572430239 132.211478327052 35.3533981797664 0.336039792951877 0.0167797797119414 0.329311401437147 0.013517567789563 0.334648805610976 0.0166069201197514 -3.89828295813165 14.9638156869319 395.973470247368 105.907737724799
"2020-09-23" 131.742961133944 39.641716636536 129.917617876229 39.8635898848474 131.569852232459 38.6624359208995 0.334680459418153 0.016595813916503 0.329533695629196 0.0125937698627868 0.335785844952651 0.0174682480634232 -3.47757761394457 13.5029871724841 393.230431242633 116.713985235519
"2020-09-24" 132.829665495035 39.1049423285283 130.346705675274 39.333568867219 133.290448112822 38.0464892571512 0.334679671099012 0.0164655486232579 0.327701520858335 0.0115769138241197 0.337618808042652 0.0173234773026858 -5.42670225730905 12.3151098370947 396.466819283131 115.072409102758
"2020-09-25" 134.073040805384 38.8423157093963 130.962005089374 39.1816182201199 134.282620101628 37.9590254756525 0.335516617801855 0.0155868997679898 0.326771892110483 0.010838721855475 0.337711490087662 0.01656507603188 -6.43165072826434 11.4279049969861 399.317665996385 114.693544739349
"2020-09-26" 135.148874340503 38.8417834224217 130.585445086934 39.3219936705996 134.83945942605 37.7627916080748 0.337343485150526 0.0148793075035718 0.324608866233154 0.0105094292465435 0.338047648616321 0.0152807441276223 -8.81744359268603 10.7408049009701 400.573778853488 114.847627538525
"2020-09-27" 136.224628552696 39.7582480562787 130.962732836388 40.0247742565296 135.249436026695 38.3476033259979 0.338333505958131 0.0138690583389383 0.324036786377558 0.0100478044527491 0.337629707664311 0.0141797292740587 -9.54859890661422 10.0597662278973 402.436797415779 117.246013940466
"2020-09-28" 137.71706950431 39.6663964229629 132.46115822183 39.9132484301644 136.45383083451 37.9660870872152 0.338458213508569 0.0130970881384666 0.324382187146398 0.00967323669564869 0.337159599345033 0.0134052913036363 -9.24858389515868 9.64987959737457 406.63205856065 116.781862159477
"2020-09-29" 138.211707628397 39.2644225557843 133.574253838086 39.6234526968692 137.772500756018 37.5736105274182 0.337267582892883 0.0125780500581938 0.32474208056029 0.0093672704070636 0.337990336546827 0.0128568869868706 -8.83570070824302 9.37849532459982 409.558462222501 115.764310668107
"2020-09-30" 138.982983961521 40.2321252369966 134.134916273471 40.6085197726514 138.669526028267 38.4235634403478 0.337289569724173 0.0123622194190129 0.324214665992924 0.00923742155578954 0.338495764282903 0.0127801279077258 -9.38267744284665 9.08684317215654 411.787426263259 118.627423561482
"2020-10-01" 140.054027126989 39.6099218679464 134.394733484041 39.9204962399253 139.153669611114 37.7522679856043 0.338453470203713 0.0120252608154632 0.323445699328374 0.00912659996779619 0.338100830467913 0.012550070100024 -10.4182297700216 8.93894445919569 413.602430222144 116.654318905869
"2020-10-02" 140.122439430501 39.9722558122891 134.672983337103 40.3781789373025 139.097482023464 38.1183880523224 0.338386813947544 0.0118729970108377 0.323838015209807 0.00902749246595654 0.33777517084265 0.0125018813236179 -9.87395477975998 8.83821393568813 413.892904791068 117.865047377365
