"Dates_YYYYMMDD" "Red_av" "Red_sd" "Green_av" "Green_sd" "Blue_av" "Blue_sd" "Red_Index_av" "Red_Index_sd" "Green_Index_av" "Green_Index_sd" "Blue_Index_av" "Blue_Index_sd" "GEI_av" "GEI_sd" "BRI_av" "BRI_sd"
"2020-07-01" 141.980052452545 30.0736915971689 130.707521555672 30.2341966599496 131.531381153071 29.1924398451961 0.351979462024469 0.0119710678076707 0.322487580743828 0.00705711155510363 0.325532957231703 0.0121727671108469 -12.0963904942719 6.9210143949497 404.218955161288 88.6891741043616
"2020-07-02" 142.28216809687 28.2910157421841 130.85163397829 28.9048253498233 132.254875785732 27.5686451246922 0.351683536275595 0.012549517563772 0.321869679310754 0.00735507928989619 0.326446784413651 0.0128141351499988 -12.8337759260221 7.34001542226447 405.388677860891 83.9025134574879
"2020-07-03" 142.364185406544 34.6818275184954 131.489634192192 33.8890225670166 133.115971583912 32.1219417971336 0.350086377801122 0.0131271909147394 0.321987193876019 0.00757053897507032 0.327926428322859 0.0143511184401451 -12.5008886060714 7.14954310917514 406.969791182648 99.9381017622707
"2020-07-04" 142.253428133017 34.2021439002089 131.664366411624 33.3180272034344 133.611922256633 31.539534571607 0.3491802991304 0.0129331693724438 0.322031764916259 0.00748783789004236 0.328787935953341 0.0143192456591493 -12.5366175664016 7.17333968810098 407.529716801274 98.3031723963572
"2020-07-05" 142.390616244104 33.8776490245659 131.675101316068 33.0188475592583 133.552955026235 31.2441750340905 0.349491767150926 0.0128522224427085 0.321962719663172 0.00746124482498305 0.328545513185903 0.0142831220251016 -12.5933686382028 7.14593633853283 407.618672586407 97.3801600489428
"2020-07-06" 142.763561589249 33.1432657412839 132.06890282016 32.3725879755015 133.941980083803 30.6375789907138 0.349441844337739 0.0126936209254937 0.322073403938303 0.00730541786784409 0.328484751723958 0.0140695762000363 -12.5677360327315 7.09930873571547 408.774444493211 95.3795083022534
"2020-07-07" 142.573541213491 33.2393833748056 131.558190808053 32.4098635292075 133.693636349981 30.6741784201593 0.349743615092428 0.0127848587870409 0.321538934583223 0.00732640316257939 0.328717450324349 0.0142046109199409 -13.1507959473663 7.00121284717649 407.825368371524 95.5500646275952
"2020-07-08" 144.382499816974 31.0035015581072 133.197506733617 30.6249200641074 135.246197988894 28.8656664342742 0.349990868622704 0.0123904778496717 0.321651581633248 0.0074400231104945 0.328357549744048 0.0137790771087586 -13.2336843386332 7.26812909698102 412.826204539485 89.6751569328137
"2020-07-09" 141.876368211796 30.1373176859714 130.398294491617 29.7983713423745 131.680307867868 28.347113283072 0.351680504591996 0.0124042342810169 0.321847909659983 0.00736219005129255 0.32647158574802 0.0134227431280298 -12.7600870964312 7.25217031757949 403.954970571281 87.4598078267533
"2020-07-10" 144.401972331533 31.4900352929345 132.913156218973 31.1227985285488 134.066526212221 29.3740085052645 0.351453867153186 0.0124585361743873 0.322077377007874 0.00749597066041632 0.326468755838941 0.0135200715405678 -12.6421861058088 7.44579793388143 411.381654762727 91.1715161240119
"2020-07-11" 143.006009204478 31.850591198532 131.851572405799 31.2807328747517 133.301946444022 29.5006200534827 0.350705714133625 0.0125740264393129 0.322022918685282 0.00758829243999464 0.327271367181093 0.0139537532185764 -12.6048108369028 7.48691249119035 408.159528054299 91.8046885754701
"2020-07-12" 139.773572509457 30.2048840368722 127.844267788281 29.8836896193471 129.249654483598 28.365382410745 0.352626275192044 0.0127772760003914 0.321161544198777 0.00767154869146084 0.326212180609179 0.0138917786795147 -13.3346914164925 7.49276504975854 396.867494781337 87.5808078937231
"2020-07-13" 144.149649932196 28.4399591931822 132.694587363042 28.5499338659287 133.661750144605 27.045630832841 0.351675844345556 0.012098539935498 0.322392061007891 0.00729210515685914 0.325932094646553 0.0131404336227067 -12.4222253507162 7.49800939853536 410.505987439843 83.1385574062903
"2020-07-14" 138.040576046064 34.2368113404193 126.400477946876 34.2736149403047 126.976724831545 32.665953540056 0.353562162617124 0.0145063767477557 0.321588423875822 0.00846107371832635 0.324849413507054 0.0147782910863905 -12.2163449838561 7.72743825641203 391.417778824485 100.274394088323
"2020-07-15" 134.063634335004 33.9373122404649 121.850400453498 34.3075144355337 122.59229145792 32.8928564738718 0.355431103342497 0.0165339501562809 0.320480953136838 0.00915242420179761 0.324087943520665 0.0158687255096562 -12.9551248859274 8.24655459972333 378.506326246422 100.055220956839
"2020-07-16" 141.34561126395 30.7728788380111 128.85525985373 30.4287015036121 129.568458889266 29.1679022147377 0.354236865017011 0.0147967909341859 0.32130156700268 0.0079913921811825 0.324461567980309 0.0148578051503597 -13.2035504457555 7.97524293222226 399.769330006945 89.2210700488973
"2020-07-17" 141.569057473116 31.2773348806178 128.650442232576 30.9558012084477 129.151348521004 29.470349515686 0.355087762313372 0.0147643093191519 0.321065180488957 0.00825541007565957 0.323847057197671 0.0148457972533134 -13.4195215289681 8.23027464149658 399.370848226696 90.5597944393644
"2020-07-18" 144.193675030136 28.6277651563226 130.959499058843 28.9696138189909 131.528323052682 27.418969368446 0.355228052283934 0.0142851335356234 0.320994772161595 0.00820743241965515 0.323777175554471 0.0141901914675429 -13.8029999651315 8.499969685955 406.681497141661 83.8001784448162
"2020-07-19" 143.462996443997 27.9758930343071 130.255844796906 28.1359218229579 131.306638312948 26.7553981796377 0.354736142361051 0.0143218817267935 0.320715319717264 0.00816922970043813 0.324548537921685 0.0140665275200864 -14.2579451631335 8.52959093791024 405.025479553851 81.6427585747585
"2020-07-20" 150.001496279195 28.7317412488109 136.727115591323 29.2209360682588 138.240771851096 27.5451141716894 0.353584274061701 0.0137329378239701 0.320753893072972 0.00820591281460315 0.325661832865326 0.013457733445208 -14.7880369476446 8.78693375074235 424.969383721614 84.322526959936
"2020-07-21" 144.902324287109 30.2853325292118 131.774492082206 30.2415096612877 132.317752485893 28.768884651755 0.354878874239236 0.0140731343555491 0.321217699998929 0.00837529461819088 0.323903425761834 0.0139751602847715 -13.6710926085901 8.60955768057935 408.994568855209 88.1740155985069
"2020-07-22" 143.16346675408 30.5733796292806 130.132829229801 30.5444032664486 130.380910073896 29.0140783020473 0.355292225987029 0.0144345373808998 0.321385588155313 0.00878594191827591 0.323322185857658 0.0144508250001671 -13.2787183683732 9.06160617708731 403.677206057777 88.9566928243285
"2020-07-23" 146.596462238629 30.5488902313534 133.465135197177 31.3690573389622 133.972778463395 29.697514945345 0.35512217596272 0.0147944837401606 0.321238217350956 0.0092198896889713 0.323639606686324 0.014096362108278 -13.6389703076698 9.66431811936831 414.034375899201 90.4207795713114
"2020-07-24" 145.296834664239 29.0753988407956 131.346101362935 29.467895291417 132.168718865013 28.1801108922451 0.356196383997109 0.014719659150044 0.320303755466515 0.00885101442428587 0.323499860536376 0.0140585951534762 -14.7733508033812 9.24904443770471 408.811654892187 85.4722422290807
"2020-07-25" 147.352152743442 29.9950760741313 134.323774591275 30.2230495737476 134.941799786919 28.6127888497358 0.354342691592444 0.014540286146287 0.321403751422894 0.00859109071228472 0.324253556984662 0.0143640694843689 -13.6464033478114 9.03495523363699 416.617727121636 87.5577401860974
"2020-07-26" 143.553463393981 33.0640395848235 131.184604116624 32.3140082978662 131.406392289121 30.5721615562223 0.353834596293707 0.0147287953918636 0.321953797421658 0.00858298320355841 0.324211606284635 0.0150314059662853 -12.5906474498546 8.64242715412721 406.144459799727 94.8280156481656
"2020-07-27" 143.514366215404 31.0500636883647 130.143852600238 30.9372310659223 130.847527837419 29.2838259304052 0.355415922958642 0.0147047285839664 0.320646868581204 0.00885633673124157 0.323937208460154 0.0147444925786499 -14.0741888523479 8.95581479719921 404.505746653061 90.073347337769
"2020-07-28" 146.190823659949 33.0366491112668 133.217133923686 32.9135323455104 134.062513264587 31.0853447214489 0.354248756114309 0.01469946150716 0.321003821966773 0.00887447569950636 0.324747421918918 0.0148286788580827 -13.8190690771628 9.03835067224298 413.470470848222 95.8975535678584
"2020-07-29" 146.074832950223 33.7414092596028 133.547887497451 32.8538883439777 133.943785262938 31.0292443950452 0.353581190080965 0.0140236351478765 0.32180203648932 0.00818151832003528 0.324616773429714 0.0148383350601509 -12.9228432182592 8.21396038823599 413.566505710612 96.5646910633167
"2020-07-30" 146.241089096026 33.488193954575 133.115000633092 32.5264820520501 133.466598502386 30.6757715538296 0.35468380272106 0.0138805877106592 0.321302755897637 0.00819438084794274 0.324013441381303 0.0147219410676848 -13.4776863322287 8.17133589678311 412.822688231503 95.6420353491771
"2020-07-31" 146.676575492317 32.3691798352597 133.500091366359 31.5975661783439 133.786260502339 29.7862893048952 0.354830370805904 0.0135749145505946 0.321398905107065 0.00808434407282437 0.323770724087032 0.0144141191198221 -13.4626532619369 8.20231638050104 413.962927361015 92.694044789555
"2020-08-01" 145.925511449754 32.1723125235823 133.437291936291 31.4094357924824 134.238139751151 29.6750925723035 0.353176795337495 0.0136043092937666 0.321603602769872 0.00794373377789755 0.325219601892633 0.0144940718399816 -13.2890673283236 8.06711853404731 413.600943137196 92.1817554546681
"2020-08-02" 145.455113947225 30.2348115832295 132.434880053855 29.6656756086725 132.74207513549 28.0037565975515 0.354641346808014 0.0135558645392973 0.321570300267874 0.00786318322766882 0.323788352924112 0.0143489302597249 -13.3274289750039 8.11582029483157 410.63206913657 86.7555910955221
"2020-08-03" 132.788896977765 33.1388355584366 120.385854141941 34.0278862005381 120.387892529705 32.3325141030296 0.35709217530672 0.0174692147909424 0.320580055675204 0.0104991969172328 0.322327769018076 0.0157161027146838 -12.4050812235884 9.48908480403566 373.562643649411 98.3250787757909
"2020-08-04" 137.563426229006 33.8989944903311 125.742731592971 33.5462911745849 125.858644220659 31.7928533414147 0.354193041032503 0.0169493042857533 0.321804361383117 0.0101802141564227 0.32400259758438 0.0158357044174492 -11.9366072637226 9.98590563664374 389.164802042637 97.9661057458804
"2020-08-05" 142.134661308371 32.7368338683495 130.471170994356 31.9237259703701 129.39926584841 29.9363393112505 0.353867758990762 0.0157085781067831 0.32365698509046 0.00982862494251811 0.322475255918778 0.0152472261582768 -10.5915851680695 10.3773831562921 402.005098151137 93.293770256186
"2020-08-06" 141.71214553698 33.5093845716037 130.585991622262 32.1004279068769 130.536930435851 30.3556169909415 0.351755040242993 0.0156491988570203 0.323353650370555 0.00969884460430738 0.324891309386451 0.0157781732059097 -11.0770927283068 10.2279958228039 402.835067595093 94.6742270262103
"2020-08-07" 143.158845795012 30.8512180457698 131.995754520357 29.8506586549461 130.790077275055 28.1675223223964 0.352745503931266 0.0152811013514706 0.324474085771618 0.00972797286135572 0.322780410297116 0.0147197997983742 -9.95741402935298 10.5888080812279 405.944677590424 87.5072675068406
"2020-08-08" 139.827187489047 33.0794134692275 129.037779527269 31.5684755596391 126.921330294193 29.8139635024994 0.353216335301606 0.0161833732665355 0.325359982227318 0.0100470869247115 0.321423682471076 0.0158272631511893 -8.67295872870353 10.5977043482491 395.786297310509 93.1116730599742
"2020-08-09" 139.522791722907 33.6629796047765 130.17929737984 32.0274953775739 128.859015956116 30.3962068451631 0.349869575771145 0.0162371600082339 0.326021422080712 0.0101814128480096 0.324109002148143 0.0158990894379593 -8.02321291934305 10.8152556679148 398.561105058864 94.7289006956801
"2020-08-10" 142.121795890485 33.2190977947386 133.130603282757 31.7750647484996 131.479261505406 30.2908846557215 0.349259508834272 0.0167378242086088 0.326803352763241 0.01036324487647 0.323937138402487 0.0164347351102565 -7.33985083037834 11.2210025253903 406.731660678648 93.7250674725503
"2020-08-11" 137.339113449051 32.3627129689409 128.457492449701 30.9175718790622 126.67846339962 29.7835015901787 0.349827818968215 0.017959222818183 0.326836379461083 0.0111611934046121 0.323335801570701 0.0173432942257191 -7.10259194926824 11.8206476756676 392.475069298373 91.3004663241348
"2020-08-12" 139.23618788063 34.6738941527374 130.929354565573 32.9910543671184 129.005406064714 31.5982255607413 0.348576183579712 0.018064452290778 0.327499122835532 0.0107530451200829 0.323924693584756 0.0176728412789231 -6.38288481419835 11.3783867516667 399.170948510918 97.6082785213446
"2020-08-13" 137.077562799317 31.4372639892287 127.965871518465 29.94528569954 126.430608727298 29.320130768656 0.350184712574248 0.0192633653942526 0.326404474549854 0.0110079823683363 0.323410812875899 0.0193290198936602 -7.57642848968634 11.7712097782311 391.47404304508 88.4971643723872
"2020-08-14" 141.463955396076 29.6248924917559 133.680845375417 28.475834334814 132.312862682835 28.1539948370768 0.347215935293447 0.0197646183748102 0.327670002341959 0.010266191710663 0.325114062364594 0.0197471397068645 -6.41512732807731 11.4676685497597 407.457663454327 83.6020586169963
"2020-08-15" 138.813579923416 34.0217264785226 130.429103652034 32.4757105104262 129.029451137402 31.3549510601622 0.348462700064053 0.0186792802516088 0.326860041151238 0.010016276390515 0.324677258784709 0.0188350508725558 -6.98482375675104 10.690554060552 398.272134712852 95.9419888254908
"2020-08-16" 139.179719455883 30.4039838675678 130.635479350413 29.4582353037581 129.617573303178 28.9214627544548 0.348570423566871 0.0177911933503519 0.326547667980428 0.00926182665458031 0.324881908452701 0.0180579535730305 -7.52633405823476 10.1905646291208 399.432772109475 86.7515809210861
"2020-08-17" 141.601362281215 32.4596254391202 132.801028472608 31.4421337379713 131.987969998274 30.518742864621 0.348526827809601 0.0173209021111949 0.326147700537498 0.00908603543238874 0.325325471652901 0.0180737529728753 -7.98727533427209 10.0180968424596 406.390360752097 92.5108082737048
"2020-08-18" 138.871467853454 30.8065865791063 129.638267073138 29.8454292674507 129.170630905123 29.0288256279367 0.34932147370286 0.0173995912643721 0.325358504789213 0.00899053274358217 0.325320021507928 0.0181098127850418 -8.76556461230013 9.81255040878392 397.680365831715 87.7490640209675
"2020-08-19" 140.890447337003 31.8924562568823 131.846521476778 30.8286017236808 131.808089506645 29.5276724344452 0.348199428843851 0.0161364325559755 0.325220661679396 0.00857126439907792 0.326579909476753 0.0168224674158687 -9.00549389009179 9.33780862107424 404.545058320426 90.6561257625625
"2020-08-20" 140.047924237959 30.0028803333927 130.151853505647 29.1316418392363 129.72218604807 28.1162087453898 0.350309410161466 0.0162277434372811 0.324823478001276 0.00867107448868852 0.324867111837258 0.0167092878555382 -9.46640327473632 9.45743811720235 399.921963791676 85.5276251103877
"2020-08-21" 142.644670702424 30.1197691528141 133.377939392911 29.571906956889 133.137317751629 28.589136896025 0.348839773116855 0.0163607226041174 0.325285957192221 0.00841222549610916 0.325874269690924 0.0168138780578812 -9.02610966822983 9.36856473562332 409.159927846964 86.461748024919
"2020-08-22" 142.386672672653 30.3279529054804 132.816231645364 29.7467399462922 133.112537056829 28.6074961040162 0.348930919774568 0.0157632061876298 0.324501508116876 0.00826455944407468 0.326567572108556 0.0165120582966692 -9.86674643875312 9.05486907066407 408.315441374847 87.0187759271396
"2020-08-23" 141.317952991185 31.0914992700796 131.403200668898 30.2158156791582 131.624179512726 28.8290146048825 0.349587999571524 0.0151839017460433 0.324203613183541 0.00799248691581073 0.326208387244934 0.0158307554254908 -10.135731166114 8.62031775852911 404.345333172809 88.7060377738528
"2020-08-24" 136.301665871938 31.1922352360202 126.922679205382 31.8879038871019 125.170257996857 30.1765846011663 0.35189700246079 0.0171226515008129 0.325665794644921 0.0101610536260722 0.322437202894289 0.0157723941905844 -7.62656545803099 10.5259088719719 388.394603074177 91.7943256105181
"2020-08-25" 132.382011161446 32.2545406129315 126.183467935009 32.3846721284753 123.532691045795 30.6275552876776 0.346918806538585 0.0182301567604092 0.329178259439603 0.011820186498112 0.323902934021813 0.0169201118842225 -3.54776633722302 12.5238172758395 382.09817014225 93.5680038756444
"2020-08-26" 136.403234499937 31.1291261188833 129.62598703748 30.5607114318762 125.855259267325 28.7033722389497 0.348205940631256 0.0172338523184925 0.330194475614772 0.0118468981948592 0.321599583753973 0.0154303733725313 -3.00651969230354 12.9332077859615 391.884480804742 88.7539747519252
"2020-08-27" 134.37676329067 30.2161275938592 128.402033543159 29.3515113071122 124.588499269092 27.4668588799516 0.346761187934909 0.0167056412727602 0.331065120181632 0.0119493187274247 0.32217369188346 0.0147645347600602 -2.16119547344306 12.910805472144 387.367296102921 85.460792433399
"2020-08-28" 131.899626780488 30.9064513757027 127.238490691796 30.0090170220382 122.240077953931 28.1761347753338 0.345684768090766 0.0167826215452974 0.333270003125207 0.0118290523675068 0.321045228784027 0.0146728035523603 0.337276649171808 12.5920329707344 381.378195426215 87.61009389422
"2020-08-29" 130.794463672253 30.7989512545566 126.375003174479 30.1185033178579 121.420380296063 28.4594089699827 0.345467038099361 0.0166640280775374 0.333463292105193 0.0118641466700198 0.321069669795446 0.0143096767554625 0.535162380642408 12.5467850767008 378.589847142795 87.9449666917302
"2020-08-30" 131.469936813994 28.6938635114106 127.824780297849 28.5220222076673 122.298169366391 27.1147155937341 0.344720896206529 0.0168514833892618 0.334680151308687 0.0123120290166609 0.320598952484784 0.0138866673459081 1.88145441531371 13.243362883414 381.592886478234 82.7649849073923
"2020-08-31" 133.249104030039 29.5149747965824 130.56238942043 29.3451736546218 126.109322251067 28.578131019198 0.342004395124609 0.0183928706330251 0.334563294471021 0.0119729323350958 0.32343231040437 0.0169318296907582 1.7663525597534 13.1700883126458 389.920815701536 85.3831874825537
"2020-09-01" 131.661634307127 35.9795869074412 127.744223451577 35.5729534682047 124.647061384075 34.5559530531142 0.343083043654315 0.02135905494027 0.331904770876216 0.0121457796992766 0.325012185469469 0.0227626317542066 -0.820248788048133 12.9062877986312 384.052919142779 103.685884345696
"2020-09-02" 132.336012631337 35.7965991851192 128.622038278603 35.0269416280357 126.272029656199 33.6734365246338 0.341634110726158 0.0194504490614469 0.331483675104529 0.0112029448607921 0.326882214169314 0.0206609264768732 -1.36396573033026 11.8407834723587 387.230080566139 102.515276160584
"2020-09-03" 134.81147373825 35.1165615450375 129.363006327171 34.3274268796241 127.968036118559 32.9959113156305 0.343700020076058 0.0180316932467364 0.329165245909023 0.010297311591291 0.327134734014919 0.01893678518891 -4.05349720246628 10.8666857770689 392.14251618398 100.678184853008
"2020-09-04" 136.581916425515 32.9034283493568 130.002366278195 32.2979196895922 128.502323989396 30.7793736915908 0.345760327726763 0.0163039233341994 0.32829398604082 0.00939290658545913 0.325945686232417 0.0166989930610236 -5.07950785852184 9.99566650935248 395.086606693106 94.4698348486833
"2020-09-05" 132.755648779866 34.4172136478197 127.704478431156 33.9197720430551 126.433477554301 31.8638866718825 0.342690671897623 0.015750638936366 0.32910086673368 0.00872417905206304 0.328208461368697 0.0164742525363421 -3.78016947185372 9.03477612942299 386.893604765323 98.9525168739363
"2020-09-06" 135.897430740082 33.4524363798471 129.91896329427 33.0803065367159 128.339330824754 31.1417590616348 0.344745140954656 0.015176317625666 0.328762854666731 0.00850601443427515 0.326492004378613 0.0158650792823624 -4.39883497629639 8.91872269495266 394.155724859106 96.4223993503456
"2020-09-07" NA NA NA NA NA NA NA NA NA NA NA NA NA NA NA NA
"2020-09-08" 142.329777976815 28.1689475234147 132.751320797595 28.2713351675242 130.036836272792 27.0005358706479 0.351821189225359 0.0141831695428869 0.327036812033259 0.00772156208315542 0.321141998741382 0.0138863757923488 -6.86397265441626 8.55097000616235 405.117935047202 82.1322792837608
"2020-09-09" 143.981541875316 30.9184862342346 135.951942873719 31.4634071412425 134.552179889468 29.5730430880845 0.347822144664591 0.0139708032403948 0.327111563901218 0.00803985195236439 0.325066291434191 0.0140292194563217 -6.62983601734513 8.80671572698989 414.485664638503 90.7738310076539
"2020-09-10" 139.204812433728 34.1073882325905 131.687864864937 34.033664178407 130.985811487767 32.0082069326748 0.346598962290144 0.0140745624766201 0.326720506689336 0.00811032947911246 0.32668053102052 0.014529899629385 -6.81489419162108 8.35484454029761 401.878488786431 99.1311924194203
"2020-09-11" 145.238484511992 27.1445062988951 133.390217940005 27.5796252058408 131.236238717405 26.2972745261198 0.355021823878693 0.0129768310383189 0.324756546053537 0.00716405957491684 0.32022163006777 0.0122597803340935 -9.69428734938816 7.72042459598402 409.864941169402 79.9616500408116
"2020-09-12" 143.469108855698 27.6929234982041 132.928417761548 28.0567080612962 129.852981446021 26.5625377026693 0.35375332258493 0.0131230976480735 0.326522717241933 0.00721771345175886 0.319723960173137 0.0127198063112818 -7.46525477862299 7.84027386403166 406.250508063267 81.2244567069414
"2020-09-13" 142.399722387004 28.6353067409074 132.433989395368 29.0321032775301 130.035416632178 27.4105859418732 0.352284347484402 0.0132076061882093 0.32635816793911 0.00737705264159005 0.321357484576487 0.0130180500468093 -7.56716022844702 7.89481624884556 404.86912841455 84.0082757200766
"2020-09-14" 134.389232825256 33.4113739223489 126.465956975669 34.2116524534525 124.958113835673 32.4460042191876 0.349307942160886 0.015030013880381 0.326581344659494 0.00899064168322403 0.32411071317962 0.0143836818115011 -6.41543270958971 8.91769843004996 385.813303636598 99.0848193048021
"2020-09-15" 129.679439943839 36.4986942536931 124.106173934574 37.1050977154543 120.804807986074 35.1012653671591 0.347083345192213 0.0163023142096335 0.330147487381474 0.0114812105285883 0.322769167426313 0.0156625998923994 -2.27190006076506 11.8308678605903 374.590421864486 107.624233919231
"2020-09-16" 133.195868770031 34.6003582789674 127.974497801907 34.7947211740084 123.164183521027 32.6846709636216 0.347007258953757 0.0153039212532508 0.332134084031579 0.0110171383442124 0.320858657014664 0.0150803569459855 -0.411056687243906 11.7487638894196 384.334550092965 100.95139124538
"2020-09-17" 133.720877102616 33.1364010844113 129.317274115001 33.2342791340849 124.014994412691 31.1008229455954 0.345686718113601 0.0147917945730372 0.333435839204816 0.0108589048751698 0.320877442681583 0.0148098325159926 0.898676714695763 11.7681904769301 387.053145630309 96.3077158973959
"2020-09-18" 133.642463926301 32.8521000126206 129.535909144444 33.0600516906921 124.528625096199 31.1156612575545 0.344953128485931 0.0144084287110727 0.3335341189693 0.010722256069868 0.32151275254477 0.0144593540367147 0.900729266388354 11.6863759839425 387.706998166944 95.9058039696933
"2020-09-19" 133.095145466927 33.2753130312035 129.744419265631 33.4795431360149 123.819402109911 31.248125900001 0.344403226242843 0.014489513773421 0.334926349050033 0.010240894349608 0.320670424707124 0.0146744610160344 2.57429095442368 11.2459577205687 386.658966842469 96.8964884455207
"2020-09-20" 133.782354190139 29.2542063868709 129.963359090181 30.0161756370514 124.833011209216 28.3003028372716 0.344683173021436 0.0142481264159068 0.333848624949427 0.0104014233145492 0.321468202029137 0.0139393261566458 1.31135278100839 11.5362643898661 388.578724489536 86.3588605989056
"2020-09-21" 136.409280151722 32.4620893667889 132.758648104463 32.8845673548649 128.156045667572 31.0050093461067 0.343565857032756 0.0143308368488961 0.333529987195483 0.0101152399087729 0.322904155771762 0.014540606314072 0.951970389631167 11.2484671683564 397.323973923757 95.2102171486721
"2020-09-22" 134.66493639697 33.1283141988752 130.814226051154 33.5367919660907 127.221551580764 31.7543991767261 0.343120740444729 0.0152697950788277 0.332389744060097 0.0105208288822836 0.324489515495174 0.0161659988160716 -0.258035875426179 11.419134761381 392.700714028888 97.1224810887657
"2020-09-23" 134.300126018365 35.9739449643392 130.509031827384 36.1693888494389 127.66278235216 34.2107932542567 0.342304356910081 0.0157620316568907 0.331610975563752 0.0101591508364275 0.326084667526166 0.0171926907244135 -0.944844715756348 10.8274019645937 392.47194019791 105.074614351591
"2020-09-24" 135.021838386781 35.3374516429704 130.722145631256 35.5476061017701 127.366637570469 33.3987428889858 0.343637387469862 0.0149958055653097 0.331653701122803 0.00966511204846407 0.324708911407334 0.016179931854446 -0.944184694738699 10.2867648105368 393.110621588506 103.13227222738
"2020-09-25" 135.597999069962 35.1485111326914 130.964200535784 35.3314382677822 128.076500188935 33.1944393670713 0.343741258917667 0.0147902305843943 0.330936300490637 0.00915602773616951 0.325322440591696 0.0157644117405226 -1.74609818732842 9.6877999445561 394.638699794682 102.582868144424
"2020-09-26" 136.18617631267 35.2211542445072 130.632546515085 35.5392574050988 127.654593301066 33.3393031017745 0.345407618587627 0.0146573321746292 0.330164085991271 0.00904805127558651 0.324428295421103 0.0155595794514673 -2.57567658356666 9.44717653753026 394.473316128822 103.067287437812
"2020-09-27" 136.354834372029 36.0655901030234 131.131864954972 36.3284301320679 129.240687724579 34.1284802234724 0.343852336390616 0.0142045119247214 0.329447107020487 0.00883527726172899 0.326700556588897 0.0151844375805247 -3.33179218666289 9.07233528882373 396.72738705158 105.578060009269
"2020-09-28" 138.091060842598 36.2726029439166 132.097453059546 36.4846950585139 130.699511087356 34.2702814398665 0.344711338131418 0.0138934081967473 0.328386984476456 0.00864660603991396 0.326901677392126 0.0147676350939711 -4.59566581086167 8.77254461385513 400.8880249895 106.134740535074
"2020-09-29" 139.230912899915 35.8928831984916 132.623027453076 36.1197676339967 131.443288871379 33.9029866039434 0.345482726248795 0.0138035691554242 0.327713761262395 0.00851959775343678 0.32680351248881 0.014629026245982 -5.42814686514149 8.63544292038191 403.29722922437 105.014336605446
"2020-09-30" 138.922340985208 37.4532291034698 131.595020495069 37.430568654394 131.148700497916 35.2120830803672 0.346083414154343 0.0138820378797691 0.32640601232527 0.00858856963096365 0.327510573520387 0.0147643039122061 -6.8810004929859 8.45694251525786 401.666061978193 109.235024051266
"2020-10-01" 140.191983658616 35.9715951528465 132.865278306983 36.1144019709188 132.136089594696 33.9452521618686 0.346237627489462 0.0136336931562447 0.326726036536078 0.00830710831619323 0.327036335974461 0.0145141742635737 -6.59751663934547 8.30902094801646 405.193351560294 105.146899113592
"2020-10-02" 140.634504339868 36.45432215506 132.363651236991 36.3013737733705 131.93862751805 34.2234891141804 0.34751029038409 0.0139368924342451 0.325661824179506 0.00924883617767933 0.326827885436404 0.0146993922953156 -7.84582938393543 9.58988153210776 404.936783094909 106.001367478735
