"Dates_YYYYMMDD" "Red_av" "Red_sd" "Green_av" "Green_sd" "Blue_av" "Blue_sd" "Red_Index_av" "Red_Index_sd" "Green_Index_av" "Green_Index_sd" "Blue_Index_av" "Blue_Index_sd" "GEI_av" "GEI_sd" "BRI_av" "BRI_sd"
"2020-07-01" 138.691088090356 40.7778306550294 133.219134790683 41.6934962874988 137.349989417268 40.9806159359262 0.339145495852114 0.0224792653304146 0.324092365393072 0.0107701379328726 0.336762138754814 0.0203904358464954 -9.60280792625786 11.1087311199931 409.260212298308 121.683359340277
"2020-07-02" 133.806508474705 31.2702041127319 125.450265931366 31.8156985623482 128.03851951558 30.6210966851046 0.346196132376463 0.0136569507195774 0.322876486375639 0.00854064005121979 0.330927381247898 0.0131082038738461 -10.9444961275532 8.90070006030678 387.29529392165 92.7188501914645
"2020-07-03" 136.504465193414 37.2008310620012 128.305364517369 35.8802313781439 129.755385323133 34.1388533148097 0.34586797892973 0.0123782474785347 0.324254834074203 0.00792328366689994 0.329877186996067 0.0138598437303565 -9.64912148180962 7.8318339515694 394.565215033916 106.536840154291
"2020-07-04" 136.673454760241 36.9133647929918 128.332791096117 35.5081021967472 129.785641107192 33.7574433119344 0.346063336885236 0.0123089563174254 0.324162113136262 0.007896151252898 0.329774549978502 0.01393441216396 -9.79351367519911 7.74730488138445 394.791886963551 105.501544102686
"2020-07-05" 137.068116481989 36.7835015940816 128.534150835165 35.3685835383652 130.215101842228 33.6257362196351 0.346151952290641 0.0123636401066562 0.32378616188523 0.00784848227898524 0.33006188582413 0.0138919147983212 -10.2149166538879 7.72161518463079 395.817369159383 105.1030014185
"2020-07-06" 137.430476033615 35.7476594027843 128.78774390925 34.4180845557539 130.385641145055 32.6775352269539 0.346420469763591 0.0117457930539126 0.323902238278303 0.00763321102338958 0.329677291958106 0.0132687404468062 -10.2406293601707 7.62156875977011 396.60386108792 102.175502057181
"2020-07-07" 137.705695592169 36.0217133547636 128.697624318701 34.5569776559576 130.570112055795 32.7863041200114 0.34675650344508 0.0117947711411899 0.323347634417418 0.00757695632872458 0.329895862137502 0.0134621908423284 -10.8805590105619 7.54759119255053 396.973431966665 102.693727794883
"2020-07-08" 136.435730483 34.6065185971309 126.212380773884 32.919112042569 127.618447197091 30.6985344991572 0.351438385032987 0.0122324275902847 0.322144581517272 0.00779080958131749 0.326417033449741 0.0138768926492477 -11.6294161323239 7.70868225262746 390.266558453975 97.4973621593705
"2020-07-09" 138.135046675716 31.776472338009 129.78074207857 31.0673599304199 131.855509854814 29.5841642732772 0.345676022876773 0.0107939333671067 0.323849382655444 0.00717713811525976 0.330474594467783 0.012105341295592 -10.4290723733906 7.55854988674388 399.7712986091 91.719984117576
"2020-07-10" 136.49000687215 33.9741062625319 127.683028668034 32.9779859349922 129.928508667806 31.3232487861143 0.346312765734187 0.0114575817720932 0.323138409970268 0.00759306558152685 0.330548824295544 0.0128911466986559 -11.0524582038889 7.64188237746417 394.101544207989 97.5746251755952
"2020-07-11" 136.237501415133 34.4598168344635 128.099020936392 33.3099761634856 129.755687356949 31.6135821599878 0.345587333894585 0.0114725418173735 0.324261748501649 0.00748962052740935 0.330150917603766 0.013124273109401 -9.79514689929745 7.69564627372491 394.092209708473 98.6883423725567
"2020-07-12" 138.298694745929 31.3536386343605 129.693955650971 30.6735658416728 131.681652042051 28.9677864252537 0.346107122219555 0.0109966962079955 0.323634919607843 0.00735114284596869 0.330257958172602 0.0123826759935713 -10.5924354860389 7.80080152383692 399.674302438951 90.2441984457623
"2020-07-13" 137.15113000479 30.3486629925071 128.360101662379 29.8888455242367 130.372253251019 28.5616796377966 0.34677289357003 0.0109591464266803 0.323533876314492 0.00729903193538785 0.329693230115478 0.0119764035141809 -10.8031799310513 7.76313104562985 395.883484918187 88.0390610900834
"2020-07-14" 133.905298484151 38.0929374476504 126.698725377164 39.1402172125393 128.51604300489 39.2329724079867 0.346052635332077 0.0169126999864627 0.324254198400071 0.00870889161972841 0.329693166267853 0.0171213313691885 -9.0238907347142 8.4085895726585 389.120066866205 115.154681255796
"2020-07-15" 132.429635548892 36.3279439026908 125.088325637662 38.2661709114801 126.666841177618 38.8717799746831 0.346496120834516 0.0180259436347801 0.324228385323275 0.00916967878464855 0.329275493842208 0.0176086707665774 -8.91982545118596 9.32885958242506 384.184802364171 111.910187247753
"2020-07-16" 135.779995304978 35.1481261254188 128.412854819687 36.3168172080478 130.014218458632 37.2874055633698 0.345710474853202 0.016851686523655 0.324837554189821 0.00848237626732917 0.329451970956977 0.0169548994078613 -8.96850412423635 9.0680793642595 394.207068583296 107.196983585114
"2020-07-17" 135.978388017091 35.6133981590339 128.388949242644 36.5892712192837 130.116275029865 37.2360987718595 0.345886639987801 0.0169740323537744 0.324495095451112 0.00884124711601966 0.329618264561087 0.0171985297506713 -9.31676456166855 9.37100369424354 394.4836122896 107.855350436788
"2020-07-18" 133.105046316017 33.3258434795713 125.105806417414 34.8326946584804 126.794505309351 35.8703438102623 0.347019094389192 0.0169778207553584 0.324047299858642 0.00928674946401001 0.328933605752166 0.0168292770705854 -9.68793879053953 9.76925283528147 385.005358042782 102.416984219513
"2020-07-19" 134.944345886839 32.3537043111513 126.914409288572 33.7172082413156 128.945248429155 34.9288950074807 0.346504966252453 0.0165446096474424 0.3239063672057 0.00927911610210109 0.329588666541848 0.0161620178212881 -10.0607757388507 9.88246032955706 390.804003604565 99.3671797038193
"2020-07-20" 120.020377835708 38.1427083789747 112.118322513957 40.3947879697964 112.705151045305 41.1853321162095 0.350964396269518 0.020386678440629 0.323341434870208 0.0122360762278789 0.325694168860273 0.0184092330561624 -8.48888385309881 11.2502629860175 344.843851394971 118.182476490975
"2020-07-21" 133.341528229768 36.520339523217 125.973660281058 37.2913142645626 127.362361596232 38.1974231434678 0.346016797206352 0.0177789185901057 0.324844745306749 0.0105992068916308 0.3291384574869 0.0173148059609389 -8.75656926388487 11.1030679483849 386.677550107058 110.344357677124
"2020-07-22" 134.791615030887 34.7693946619473 128.093516439204 35.591447065546 129.866665644363 36.562802270486 0.344160084469361 0.0177610827147055 0.325338623871667 0.0110039656683778 0.330501291658972 0.0172661297959965 -8.47124779684184 11.8662000613121 392.751797114454 105.139815553951
"2020-07-23" 133.786022956387 33.6580058452773 127.34520083526 35.0816418712476 129.316076854487 36.0804974570619 0.343905802546042 0.0176888006763019 0.32531809680828 0.012526405338117 0.330776100645678 0.0170205048805268 -8.41169814035466 13.4248479153099 390.447300646133 102.975087316728
"2020-07-24" 132.311789731153 33.0740390013952 125.450359756086 34.0495064765216 126.751900632124 35.6531076190426 0.345260998581349 0.0178025793438878 0.325689811254458 0.0123710584181572 0.329049190164193 0.0167052864181722 -8.16297085110531 13.1425857036229 384.514050119363 100.930983395504
"2020-07-25" 129.488800970809 35.5246146597604 123.845423205148 35.8194190997764 124.153005552621 37.2613354524915 0.343763976857786 0.018436471349147 0.327794276587951 0.0132603222141401 0.328441746554263 0.0178345145460996 -5.95096011313489 13.7064541380461 377.487229728579 106.746176154566
"2020-07-26" 132.759503463526 38.1407217155635 127.112135231788 37.5967824556113 127.991009070102 38.4973742029837 0.342625642027832 0.0188051647620997 0.327401283223897 0.0128757685885929 0.329973074748271 0.0187809131265379 -6.52624207005049 13.2390830596714 387.862647765415 112.404474761541
"2020-07-27" 128.270780717846 36.2720257580363 122.661900234562 37.3687012423801 123.489134241669 38.2235378236407 0.34437421812158 0.0201534379724994 0.326527071713015 0.0142056161934072 0.329098710165405 0.0183637322783323 -6.43611449039129 14.2987064351362 374.421815194077 109.980777036357
"2020-07-28" 125.907845003682 39.3198771819645 120.451551648085 40.0120916011247 121.003779341523 40.9790161966687 0.343891818551751 0.0205323688601645 0.327060372195987 0.0155870390400026 0.329047809252262 0.018955978826246 -6.00852104903459 15.6264673641676 367.363175993291 118.40547839092
"2020-07-29" 129.543275308158 40.3962376480878 125.200215971027 39.426253704569 126.157393997565 40.4432816899218 0.33989824833754 0.0196773464673448 0.328759630217194 0.0148813909738944 0.331342121445265 0.0197172538871876 -5.30023736366924 14.8109965994883 380.900885276751 118.425545949915
"2020-07-30" 129.250662887931 40.0033604243403 125.16536993179 38.8945500396595 125.728246882448 39.9608161807431 0.339785899098666 0.019662017758149 0.329430777301332 0.0149585295817744 0.330783323600002 0.0199083585112191 -4.64816990680002 14.7581595961648 380.144279702169 116.997924319578
"2020-07-31" 130.41802131313 39.1319555490877 125.92945047414 38.2127036412311 126.548793019562 39.8112342778222 0.340630053265077 0.0192061346296387 0.329193925598517 0.0146780489157145 0.330176021136406 0.0189330001714051 -5.10791338441062 14.6189112609262 382.896264806832 115.310174272671
"2020-08-01" 130.791918919993 39.0202624845672 126.41636203923 38.1656887083637 126.648941026355 39.8143047067815 0.340824557348149 0.0190006798318471 0.329598840386284 0.0142069612878795 0.329576602265567 0.0187112486818212 -4.60813586788812 14.1481110580605 383.857221985578 115.186158658902
"2020-08-02" 132.342897283134 36.5915839449552 127.037955431365 36.0946668329449 126.987779689863 37.89038858191 0.342981568212853 0.0185245321000521 0.328896902369805 0.0134974133014311 0.328121529417343 0.0179806137702956 -5.25476611026865 13.8833841781085 386.368632404363 108.68570784912
"2020-08-03" 128.329214132774 37.1363423830637 123.762405630998 38.7018106589438 121.918935668728 40.1055942587134 0.344915390022357 0.0217280990182468 0.330281393636359 0.016305705656424 0.324803216341283 0.0175661049144878 -2.72333853950728 16.9793011296763 374.010555432501 113.883078466247
"2020-08-04" 133.571477625757 39.0177174849728 129.160352959663 38.0799483429045 127.647920086176 39.6403713427937 0.34232377726534 0.0201981266652792 0.331063251688235 0.0159008907139038 0.326612971046425 0.0189117192409347 -2.89869179260874 16.7754790037602 390.379750671596 114.594374407742
"2020-08-05" 131.238193686078 38.0740692477231 126.98132000048 37.4464736025028 125.047742359388 39.304549427897 0.342803344723163 0.0202303667788665 0.331690243255785 0.0168215646407057 0.325506412021052 0.0193430620641343 -2.3232960445068 17.4038567920287 383.267256045946 112.587620389049
"2020-08-06" 132.892503185232 39.0049282364317 127.878927073808 37.9281108792623 127.580817539695 39.4757284671029 0.34229569920051 0.0202123980158641 0.329448946759608 0.0150320468823438 0.328255354039882 0.0200300141196353 -4.71546657730979 15.5416132792979 388.352247798735 114.274834102204
"2020-08-07" 132.384489160746 36.2743306575402 127.573612119216 35.6133332389665 125.74673080673 37.7754428420205 0.343650715785589 0.0197547315612858 0.331064517643383 0.0147029302757974 0.325284766571028 0.019213724037985 -2.9839957290442 15.2196316558929 385.704832086691 107.455750259414
"2020-08-08" 133.338636209602 38.0433357787248 127.860123547241 37.3177627895494 127.520936164735 38.7826041008772 0.343428756023303 0.0197745894991765 0.32879050954767 0.0129087843807917 0.327780734429027 0.0196132038115767 -5.13932527985552 13.4410355778542 388.719695921578 112.1113772688
"2020-08-09" 133.823862867485 38.2382902611952 128.589594164542 37.645388415142 128.479341220214 39.0140009703345 0.342686615025331 0.0190545387312071 0.328858546316392 0.0117018855916156 0.328454838658277 0.0190220009353053 -5.12401575861526 12.3157694390719 390.89279825224 113.003299533274
"2020-08-10" 127.019311687009 39.8022093528004 122.93476391421 40.2003991183509 121.092779244972 41.6198537268017 0.343482415327664 0.0216493965897844 0.331093272609088 0.0151966273907097 0.325424312063248 0.0202589925959418 -2.24256310356121 15.0725715313366 371.046854846191 119.588997664727
"2020-08-11" 133.683713762663 36.7617476899261 129.862090458692 36.3135005785087 128.153199260155 38.0945939070376 0.341659775807115 0.0207571773371432 0.331638246101435 0.0156490689867649 0.32670197809145 0.0197813593631454 -2.11273210543354 16.8373342537133 391.69900348151 108.792259496818
"2020-08-12" 130.505580601985 39.2380587329887 127.607191411138 38.4737909071403 125.57117642493 40.0514064909867 0.340258096002644 0.0206038781327246 0.332874697056001 0.0148910190320376 0.326867206941354 0.0211496435497532 -0.862374204638608 15.2212100319985 383.683948438053 115.53572872829
"2020-08-13" 135.178839799401 34.5838909857413 130.431565392385 34.5379121168878 129.487305530471 36.3659846161276 0.342767383701271 0.0192680875757352 0.330012420259372 0.0127080762935155 0.327220196039357 0.0182126068958403 -3.80301454510346 13.9022015128543 395.097710722257 103.355899860119
"2020-08-14" 130.411053332046 35.4241608481754 125.518964255356 35.0890368341306 123.41646604912 37.5202868657128 0.344347685788346 0.0191233940164074 0.331202417451206 0.0127076936856952 0.324449896760449 0.0178034974858733 -2.78959087045336 13.2583177284579 379.346483636522 106.061271615708
"2020-08-15" 134.145223098753 38.1432234455558 129.098903182203 37.7536240684606 128.332363584044 38.790493181535 0.342926220772357 0.0188837129622696 0.329513076203044 0.0107283978892981 0.327560703024598 0.0186380289556921 -4.27978031839066 11.3666638316289 391.576489864999 112.854350416442
"2020-08-16" 135.360613192634 33.8788567806619 130.363927575494 34.3559841422568 129.587855340304 35.9245451270269 0.343120513502786 0.0173583977637259 0.32962572113002 0.009601512295305 0.327253765367194 0.0169757424043198 -4.22061338194953 10.5855333713898 395.312396108432 102.367402060716
"2020-08-17" 126.256906548231 38.9788564344739 121.734335531285 39.6950827873641 119.967441534666 41.0030598454437 0.344541051822576 0.0206214708054183 0.330329497963628 0.0134246965641045 0.325129450213797 0.0195337363134075 -2.75567702032679 13.2971197028452 367.958683614183 117.800621238765
"2020-08-18" 134.15596368173 35.1879358465607 130.215750966929 34.8767412242934 128.488430329087 36.6199707335906 0.341897403976193 0.0191632788486821 0.33148346143312 0.0134938987218994 0.326619134590687 0.0191089075240939 -2.2128920769605 14.7833036466355 392.860144977746 104.46275180295
"2020-08-19" 133.890411022701 37.378854153994 129.92856409936 36.470662004539 128.677248035379 37.7919402050026 0.341215818906925 0.0190035716899611 0.331120095044819 0.0123732057891163 0.327664086048256 0.0188698954647439 -2.71053085935947 13.2360081646306 392.49622315744 109.655784800006
"2020-08-20" 135.430857579905 34.0073403438684 130.089020463103 33.7676886419724 129.981943322751 35.1737016908045 0.342848951565613 0.0182841047235037 0.32869870538006 0.010702964694457 0.328452343054327 0.0174812740334089 -5.23475997644916 11.9180193479278 395.501821365759 100.954694551879
"2020-08-21" 133.733264990468 35.033559761874 128.100797775165 34.7186284215059 128.093863151458 36.3164540781227 0.343360628042745 0.017858805408056 0.328408847832696 0.0101450333039531 0.328230524124558 0.0170338987254958 -5.62553259159553 11.0663912096991 389.927925917091 104.281059823207
"2020-08-22" 135.171016301951 34.6652675698689 129.485218062963 34.7463057598506 129.798054064697 36.1669159761338 0.343215046367345 0.0173696475605347 0.328043892950823 0.00944543680447224 0.328741060681832 0.0167626076005724 -5.99863424072213 10.3717288959048 394.45428842961 103.838114523429
"2020-08-23" 136.958065310032 35.1505100803419 130.864032304783 35.1473773989393 131.918092382137 36.2368763420618 0.343171845623844 0.0172740571762722 0.32695995487194 0.00890865366395526 0.329868199504216 0.0170617111628205 -7.148093082604 9.86359904010685 399.740189996952 104.801241709029
"2020-08-24" 130.967276110856 34.8680072196324 124.496960124494 36.2136136413226 124.635007033068 37.749103322061 0.346238793646571 0.0187053816086336 0.326852859028653 0.011424021535215 0.326908347324776 0.0171065054804981 -6.60836289493562 12.0099852513346 380.099243268417 107.050819442487
"2020-08-25" 137.46937789061 33.7069266750571 132.508831602044 33.7578683951074 130.896629314735 35.5288832955525 0.343457766299046 0.0178604686539098 0.330463833066108 0.013211117562496 0.326078400634846 0.0174286666259948 -3.34834400125705 14.9938255490398 400.874838807389 100.860882927499
"2020-08-26" 135.957510199368 34.3125508953905 130.978768995436 34.2247726359024 130.793393422047 35.7307955072535 0.342359602517379 0.0177304481435916 0.329089720129515 0.0119353204025089 0.328550677353106 0.0173367130793075 -4.79336563054339 13.3536408118334 397.72967261685 102.285998855953
"2020-08-27" 137.427338130586 33.1832398729092 132.422552804803 33.4048817850089 133.714052580464 34.6989891544411 0.340999211679141 0.0172127841258279 0.327799859479247 0.0102967319720901 0.331200928841612 0.016662520952954 -6.29628510144466 11.6444385008389 403.563943515852 99.4225339945824
"2020-08-28" 138.29019206049 33.517807654397 133.319792851071 33.7940849237378 134.216330007061 34.8917593999978 0.341274167160195 0.0169749299524873 0.328117317188363 0.00936038860876879 0.330608515651441 0.0164711898654551 -5.86693636540904 10.6282325770866 405.826314918623 100.44185195206
"2020-08-29" 136.351707871167 33.1872417270923 132.24060270456 33.7630874193386 132.284806907741 35.0710032959147 0.340801967219782 0.0169171623524878 0.329584092529748 0.00945304309548803 0.32961394025047 0.0163558258326255 -4.15530936978791 10.6595111234676 400.877117483468 100.300121336719
"2020-08-30" 134.230182784035 31.1164195953381 129.957641849309 32.1694397868523 129.924513014488 34.173498299101 0.341541383414848 0.0164673794084232 0.329514865461621 0.00967365927882651 0.32894375112353 0.0154532939147725 -4.23941209990553 10.9229347992739 394.112337647832 95.7663669912002
"2020-08-31" 130.237418873611 33.2872245171612 125.13919540948 35.1390563486734 124.021546593364 36.8327611501679 0.345560489084239 0.0188327197223993 0.329261052915422 0.011006635183103 0.325178458000339 0.0168769670454617 -3.98057464801531 11.5608043472241 379.398160876455 103.535111412335
"2020-09-01" 128.854188698248 40.3830707611272 125.266777491911 40.6559133494453 123.147572995292 41.3382521579836 0.342468371250686 0.0203134166849908 0.331563795654589 0.0145869874081381 0.325967833094725 0.019849267330492 -1.46820670971699 15.4869909635803 377.268539185451 120.423401109173
"2020-09-02" 131.375632871972 40.1470333426956 127.588923495747 39.5472840569626 125.795670810781 40.3644270704672 0.341763693324593 0.0191402872592846 0.331630030879844 0.0142158029430974 0.326606275795563 0.0193875811817046 -1.99345669125874 14.934000552755 384.7602271785 118.191883068165
"2020-09-03" 132.196607732777 39.9849046186416 127.794275934792 39.165513858474 126.854575886138 39.992124004975 0.341889536474202 0.0192860180159304 0.330281801067114 0.0136750455018326 0.327828662458684 0.0193584543344932 -3.46263174933124 14.3747152161607 386.845459553708 117.275057337243
"2020-09-04" 134.138629091343 37.7878879672715 129.186500334142 37.1617776974707 129.115254468317 38.2141130202326 0.342090338085543 0.0181733809576385 0.329027074041562 0.0115829310419789 0.328882587872895 0.0179346161627601 -4.8808828913765 12.4903357251721 392.440383893802 111.38300743681
"2020-09-05" 134.768252637637 38.9895878883921 129.743270461684 38.5324115158501 130.042686461487 39.1093826899321 0.341771752816134 0.017842960470995 0.328414072534514 0.0104691989291961 0.329814174649352 0.0181087255441715 -5.32439817575664 11.1024647719805 394.554209560807 114.994035291754
"2020-09-06" 134.221036994126 37.9568135242487 128.725168803091 37.6350884204127 129.377067542061 38.3194942343198 0.342517191734234 0.0178298356849619 0.327586995089627 0.00996495847701306 0.329895813176139 0.0181903635174251 -6.14776693000441 10.6586071463658 392.323273339278 112.242687206744
"2020-09-07" NA NA NA NA NA NA NA NA NA NA NA NA NA NA NA NA
"2020-09-08" 133.469631346089 32.9908310328794 127.040932416289 32.5585212925481 124.867668599577 34.986792737732 0.347063120036756 0.018137095501604 0.329843522409183 0.012823279247548 0.323093357554061 0.0169518203429582 -4.25543511308757 14.1875699502681 385.378232361956 98.5197697123185
"2020-09-09" 129.941034722341 35.227927227396 125.752095740592 35.1792946857362 125.063680783917 37.2344430481246 0.341957885478823 0.0184695647545955 0.330249190740845 0.0135334460070004 0.327792923780331 0.0179629104752177 -3.50052402507293 14.6506999736105 380.75681124685 105.676987706145
"2020-09-10" 132.541385334492 37.8322682602066 127.074278320166 37.6197379271897 127.939426298562 38.6283325484444 0.342645546296125 0.0181179840036945 0.327321281849291 0.0110155133770979 0.330033171854584 0.0177719544612001 -6.33225499272082 11.8728196605768 387.55508995322 112.378998923714
"2020-09-11" 137.687392350521 31.3526596445112 128.006244341835 31.4684106949346 128.154636883565 33.7646119763502 0.350695619478924 0.0165647137468355 0.324787145625032 0.00940628505192699 0.324517234896045 0.0146142284653928 -9.82954055041564 10.7059040669527 393.848273575922 94.9612532545527
"2020-09-12" 137.216300360267 31.3769900991133 128.500147552436 31.7930814346592 128.744915688379 33.8230035734392 0.348947341875731 0.0166404482257091 0.325420500920122 0.0091097351570409 0.325632157204147 0.0150327129389992 -8.96092094377521 10.3139814842705 394.461363601082 95.3409821097087
"2020-09-13" 137.246279743818 31.5016164121496 129.350302810009 32.2226096977064 130.040440044754 34.0084386011128 0.347156562724283 0.0166661033142715 0.325644084597211 0.00907853564832241 0.327199352678506 0.0154114972360572 -8.58611416855509 10.246513974405 396.637022598581 96.0554008246437
"2020-09-14" 134.122922840716 36.1434404577566 127.672431207511 36.9416373584062 128.349297317968 38.2663164458077 0.34525885504996 0.0177029966352908 0.326637062318414 0.0102247796684002 0.328104082631626 0.0165354380555205 -7.12735774366314 10.9246128995977 390.144651366195 109.765830712418
"2020-09-15" 134.871624458795 37.65480124579 130.470812219932 37.6384172216391 129.875140576163 38.7557794663456 0.341908756420856 0.017844900691674 0.329815989055091 0.012728009243124 0.328275254524053 0.0180281365090448 -3.80514059509408 14.1469176136184 395.217577254889 112.220384532219
"2020-09-16" 134.873977763011 37.0665074126349 130.870022206698 36.9807780419717 130.149554786935 38.2069883885801 0.341422188608727 0.0176533897015571 0.330390216390039 0.0121048822709151 0.328187595001234 0.0178993290286194 -3.28348813654942 13.3560800381949 395.893554756645 110.452520685572
"2020-09-17" 135.509858221685 36.1641377160507 131.028136852328 36.2448800237638 130.66929008612 37.4036270267512 0.341912606710592 0.0174115879015323 0.329583582885031 0.0109462700300463 0.328503810404377 0.0175292853992032 -4.12287460314756 12.1197241945003 397.207285160132 108.044597939956
"2020-09-18" 136.043397340876 35.4915418117813 131.625244264216 35.8669822555217 131.377036418607 37.0106329860974 0.34174224287608 0.0170193823549568 0.329476438621774 0.00976780755719711 0.328781318502147 0.0167991525857625 -4.16994523105 10.9397373623442 399.045678023698 106.686197249031
"2020-09-19" 135.975460784258 35.7435943105206 131.919123280306 36.241078753751 131.438036382637 37.175133198891 0.341294438463026 0.0171170632205628 0.329934463249769 0.00932494602165114 0.328771098287205 0.0171662543524465 -3.57525060628262 10.4021711470736 399.332620447201 107.485270595381
"2020-09-20" 137.941510850613 31.6353314379773 132.724260770627 32.6844839415054 132.571154464341 34.1992319263148 0.343134261890935 0.0167468922534608 0.328716341119229 0.0091359377721425 0.328149396989836 0.0161984039928118 -5.06414377369992 10.5177127097178 403.236926085582 96.7486868332758
"2020-09-21" 131.785976725563 37.5684624652664 127.8432058294 38.6941793238222 127.361413807531 39.9296976584293 0.341895189908628 0.0186159088822388 0.329772128216773 0.0109373341862061 0.328332681874599 0.018112108079575 -3.46097887429267 11.7738555515655 386.990596362494 114.499304511677
"2020-09-22" 136.959441292343 35.8912748177902 133.261231004564 36.2710307228159 133.394371879845 37.2133418016534 0.339876979321523 0.0178485098180872 0.329712515394002 0.0114043531879127 0.330410505284475 0.0181440832415091 -3.83135116305926 12.9150932291047 403.615044176752 107.475910964675
"2020-09-23" 135.898399678921 38.2945999463788 131.900422286968 38.5217395225119 132.077167652053 39.0149508327892 0.340478440714779 0.0179942657462387 0.329232955789224 0.0107818310598521 0.330288603495997 0.0189254056191142 -4.17472275703827 11.8872335790666 399.875989617943 114.049868763203
"2020-09-24" 136.475507507303 37.8421057270812 132.071399249175 38.0927331543387 133.130371115011 38.6023629495227 0.340398245324814 0.0177754847211037 0.328076221750025 0.00983393165857411 0.331525532925161 0.0185959330710992 -5.46308012396374 10.7857051456933 401.677277871489 112.810735322106
"2020-09-25" 137.144639590776 37.5412902519861 132.188712901278 37.8826487441269 133.856874932556 38.4062141989052 0.34088299757709 0.0176232979715649 0.327025669057687 0.00926924093778157 0.332091333365223 0.0183680295645688 -6.6240887207768 10.1201810441771 403.19022742461 112.138626895956
"2020-09-26" 138.157909351992 37.2969568254591 132.036800607324 37.772704274468 133.448613775726 38.1963903478505 0.343151590271859 0.0176478575160997 0.326185087755352 0.00914468389857045 0.330663321972789 0.0184429679708067 -7.53292191307015 9.8814750312468 403.643323735042 111.573471044013
"2020-09-27" 137.199586838035 38.1420508787815 132.020592330075 38.675531124018 134.130066923 39.0243221061777 0.34090934061778 0.0175309877476714 0.32629623484513 0.00899432626995854 0.33279442453709 0.0185215357292348 -7.28846910088429 9.6097457374772 403.35024609111 114.206497350005
"2020-09-28" 134.355087870751 39.3126030973894 129.254864327107 40.1060349713976 131.342691762318 40.4659103658556 0.341674057530442 0.0181422408809625 0.326157329035916 0.00949822916543331 0.332168613433643 0.0188724876394516 -7.18805097885537 9.7839427984435 394.952643960176 118.321870244445
"2020-09-29" 134.678965959195 38.8253828481703 129.607995888069 39.4336976085713 130.864395336025 39.6976694658606 0.341714276189668 0.0174032961901566 0.326996628996395 0.0106351197405172 0.331289094813937 0.0189678673809488 -6.32736951908205 11.4532872999001 395.15135718329 116.304212569289
"2020-09-30" 136.643274285855 38.6827214114167 131.34420639924 39.1612588820742 133.210412007141 39.3485893749918 0.341341070287332 0.0169854143774282 0.326386711875916 0.0104364022101521 0.332272217836751 0.0186988899372819 -7.16527349451647 11.2750669967421 401.197892692236 115.583834868648
"2020-10-01" 135.632516475174 38.150212873412 130.625033026074 38.6033565390043 132.595685123027 38.8771029883453 0.340807662926084 0.0170153608522195 0.326531329405462 0.00984787235110584 0.332661007668454 0.0185619443474627 -6.97813554605192 10.5698440854815 398.853234624275 114.031789765789
"2020-10-02" 136.36558840178 38.1519355245911 130.853541012345 38.6547012099124 133.014509587879 38.8444241069263 0.341493917503742 0.0168456404888138 0.325903943537104 0.00936560209753153 0.332602138959153 0.0182040670953073 -7.67301596496907 9.94163344439394 400.233639002005 114.110530162671
